All_rasters_2/Croplands.asc
NCOLS 176 
NROWS 173 
XLLCORNER -17.5416666666667 
YLLCORNER -34.7083333333334 
CELLSIZE 0.416666666666667 
NODATA_value -9999 
[rows 72 to 95 of 173, columns 108 to 161 of 176]
0.000387175390392182 0.00199898680402839 0.00651560879778119 0.0201940887895762 0.0252649810840376 0.00731112011708319 0.00377853316720575 0.00361031265114434 0.00195285765803419 0.0286030120647047 0.00362960297381505 0.000743864342803135 0.00111242793151177 0.00402153609262314 0.0186934570141602 0.0111413868196541 0.00404306713113328 0.00509326679020887 0.0256136685423553 0.122195021081716 0.169212750345469 0.188540342524648 0.214333355948329 0.209272392839193 0.411588864326477 0.413399302661419 0.276169340312481 0.131110742308665 0.0271328112609626 0.0638091724416881 0.104057940614875 0.138343968202826 0.0256066935369745 0.00236817953264108 0.000669595263607334 0.00129348353075329 0.000848712025581335 0.000777274429575455 0.00148554405459436 0.00181825071660569 0.000900770678708796 0.000846168240241241 5.54166497614157e-05 3.34230459692371e-05 1.35313651114298e-05 0.000713039684282424 0.000384238620286047 0.00109534926603888 5.87927648236949e-05 7.39206386811118e-16 6.02021649593026e-15 3.51694467861102e-05 3.61234111754403e-14 -9999
3.6157640556621e-05 5.03258677781651e-05 1.16352733739146e-16 0.00077279429388006 0.0388613443530631 0.0626336266286671 0.0215779947349802 0.0238773882039823 0.00392900948645547 0.0046425205480773 0.00540448733372614 0.000779450856498443 0.00342431889439467 0.00431865707796533 0.000949120527366176 0.00321941646689083 0.00532245901849819 0.000668501066684258 0.00685227509238757 0.112194655823987 0.176632137037814 0.0567649586126208 0.105560295656323 0.121541338041425 0.312442322820425 0.208670329302549 0.418124012649059 0.103271077794489 0.0125858219973452 0.0133784860627202 0.0186053073382936 0.0195008369744755 0.0110110644745873 0.00340591554704588 0.000403589458437636 0.000911319562874269 0.000199770694416657 0.000153093146690242 0.000809019089501817 0.00119838312966749 0.00211933194368612 0.000886142297531478 0.000292253779015733 0.000167115224758164 0.000435344940342475 0.00227236314240145 0.000443273433497284 0.000453639877401112 7.39707669971661e-05 8.36983280382372e-15 0 7.31909802540289e-15 1.65719573918586e-14 -9999
0.00308797207610048 0.00138065199513222 3.67887034372473e-05 1.79118974484246e-05 0.00103039988818642 0.0207481266610557 0.0457769567146897 0.0131678666942753 0.00555085667874664 0.0249838348501362 0.0263423195888754 0.00223150835372508 0.0160780087753665 0.00833155010244809 0.00735603077337146 0.0113008016149979 0.0149968683463521 0.00372844719095156 0.0189570236543659 0.0551335498481058 0.0581609299406409 0.133226789049804 0.243360442519188 0.175896191969514 0.184127832110971 0.12096827795729 0.350844794511795 0.168174900636077 0.0633952274778858 0.0582216050475836 0.0305531708407216 0.00838196074822918 0.00108267283794703 0.000798577542009298 0.0024313902691938 0.00405288328038296 0.00408241805242142 0.00381135418822629 0.00239581477362663 0.00177003453602083 0.00382773752091452 0.000508633289427962 0.000152841077428779 0.000113795465799516 0.000671416657860391 0.000706782707120595 5.94063355295299e-05 6.13827273786369e-14 1.29106649721415e-13 0.000248184744376755 0.0102143802680156 0.00183131766258521 -9999 -9999
0.00273316308128415 0.00027150832094776 0.000326941382809309 0.000229398599658452 0.000186112585361116 0.00136900534289452 0.0076940020150505 0.00344774050579872 0.00635333624086343 0.0143171108572278 0.0195059861743357 0.0110521040798631 0.0253535436792299 0.0150959657086059 0.0150202890392393 0.0280812967987731 0.0325325472070836 0.0116312600322999 0.0206143777864054 0.020836165585788 0.0407909214496613 0.168213546629995 0.237690515816212 0.250461754947901 0.0980692414753139 0.163974298220128 0.377030336111784 0.1171382990852 0.0715162789821625 0.0404289154335856 0.0127212916919962 0.00317163101630285 0.000429483885818627 0.00164731006982038 0.0268347408634145 0.00645180419742246 0.00160050155900535 0.00604370798508171 0.00717738926105085 0.0034769818802306 0.00333163400937337 0.000680369352630805 0.000283459904780154 0.000155761081072394 0.000107128600939177 0.000125776140676039 8.86244993957499e-05 4.841541270672e-05 0.000196192650959418 0.0105377941765784 0.0210464842617512 0.00425794410208861 -9999 -9999
0.0138610001937195 0.000434374153701356 0.00046381542688323 9.97847957478371e-05 0.000188206594430647 0.00188419439473364 0.00458999567781575 0.0105952010402689 0.00224765666644089 0.0226316793414298 0.0297205702750944 0.0117095906171016 0.0196806354448199 0.0142507526092231 0.0159068043576553 0.0246105933794752 0.0207392734009773 0.00558410538360476 0.00869738597539254 0.00513526496069971 0.0123657245421782 0.0598207178991288 0.0931696020066738 0.170221921056509 0.0888661205768585 0.0932957790791988 0.140034637413919 0.0511892298236489 0.0484795103780925 0.025539041031152 0.00577731688972563 0.00258609408629127 0.00150656190817244 0.00252579793450423 0.00132439837325364 0.00236197016420192 0.000384138541994616 0.000314802626235178 0.00011814420321964 0.00247929645796727 0.00965086926007643 0.0064182643109234 0.0011121839779662 0.000668342092058083 0.000141691052940095 0.000248059100215779 0.000145559765430507 2.62074118623324e-05 0.0167457009421962 0.052671623416245 0.00339408790134459 -9999 -9999 -9999
0.0175728880451801 0.0067831429321086 0.00217721309145418 0.00217757332207839 0.027611712528451 0.0122842149437929 0.00701560613888432 0.0132136911968701 0.0186108873633202 0.0290060606331099 0.0191372867207974 0.0234594136010855 0.0233546490222216 0.015309044085443 0.0714233182370663 0.0273318603169173 0.0079371585836634 0.00405190901365131 0.00187352439970709 0.00247534854221158 0.00283436210593209 0.0257979903760133 0.0540631292411126 0.0257796481251717 0.0167531755112577 0.0232067269564141 0.018263818603009 0.0317630089819431 0.0162470840406604 0.00663908163551241 0.0015232627153091 0.0026212437383947 0.00155614127870649 0.00180346344946884 0.00314840722479857 0.00198112211931593 0.000101878504988317 1.3276976430955e-05 0.000101207786822878 6.05549177771888e-05 0.00102656150016403 0.00844177294645837 0.00266903094628363 0.000119852564544097 0.00279145496611646 0.0111216142197487 0.0224966714117922 0.0628259981051192 0.0784274417348214 0.0319979919515776 -9999 -9999 -9999 -9999
0.0329597347975518 0.0672950466908515 0.123229726101272 0.0102803161955671 0.0266657287208363 0.0109347295270709 0.00343314817218925 0.0048793713375926 0.0397331994725391 0.0558574617374688 0.0195477483794093 0.0389152982737869 0.0236976164951921 0.0357582947798073 0.0776039646007121 0.0355624639522284 0.024023730593035 0.00514525435282849 0.00532907837245148 0.00220532392326277 0.00415837247925423 0.000940208028908044 0.00456911640008912 0.00188923098612579 0.000181664750125513 0.00179464817701958 0.000437925042933866 0.00936043092864566 0.0011895025765989 0.00143019107199507 0.00153232401014975 0.00108497686014744 0.00154943633824587 0.0023577383486554 0.0022003299818607 0.00189329396525864 0.000360517445097373 4.6962129764465e-05 2.94771102009246e-05 1.6807035627296e-05 0.000110106122694065 0.000323210202694975 0.00394620981038893 0.00218193690499548 0.0174901423626717 0.0431410562840756 0.0885290142544545 0.15857600979507 0.0771372910030186 0.00591251080855727 -9999 -9999 -9999 -9999
0.0120006695855409 0.0312536865472794 0.0369224075693637 0.00329664958699141 0.000392047176137567 0.000115554219519255 0.00442234703077702 0.0277938441024162 0.0303839094704017 0.0377961464226246 0.0188767243176699 0.04849957767874 0.0579093955457211 0.0783549138344824 0.0580891934223473 0.0521046521142125 0.0141854230838362 0.00256869898294099 0.00148129213048378 0.000463471885814215 0.000420419209893859 0.000270532249090811 0.000582254213804845 0.00125241737259789 1.88847981917889e-05 4.28623767221653e-05 0.000214311883610224 3.29679678543766e-05 0.000161411442968562 0.00217843070277013 0.00308801465434954 0.00313246052828617 0.00536514417035505 0.00126189725415315 0.00434443246340379 0.00756614698912017 0.00091951116343865 0.000163754260483984 0.000567525575206673 0.00152556248832171 0.00123286627351294 0.000680651663074607 0.00303755462558164 0.0177053075254662 0.023849078672356 0.0916131726466119 0.138445043191314 0.055333536118269 0.010831917072056 -9999 -9999 -9999 -9999 -9999
0.0171637186454609 0.0193034804612398 0.0288626584690064 0.00229664434446022 0.00075566771090964 0.0240380695089698 0.0631538472231477 0.115867733703926 0.100992614310235 0.145042831022292 0.135668948274106 0.0789254628121853 0.0745501245930791 0.0538325465470552 0.0222618064843118 0.0821231776662171 0.0802635672711767 0.00164268270018511 0.000802241191267967 0.000291946159777581 6.97795938322088e-05 0.000117345219478011 0.000233826542826137 0.000298793777983519 0.000284135671536214 0.000131548611971093 0.00564875699492404 0.00467805030435557 0.00120764477382182 0.00876555803697556 0.00314319960350986 0.00121790532561135 0.00793669732101989 0.00781084004960576 0.0121891422536282 0.00265893170726486 0.00610668436152457 0.000657362223428208 0.00248236683255527 0.00495324844105198 0.00628596232116251 0.00486328579318069 0.00182086204287771 0.0245932268428442 0.0236386545388086 0.144850787539035 0.122065040171146 0.0061976028288283 -9999 -9999 -9999 -9999 -9999 -9999
0.0283225766848773 0.0167441580770537 0.0394287363858894 0.0152871424588375 0.00615046477527359 0.0479003862477839 0.0850111357867718 0.167068532630801 0.401797579973936 0.270936641991138 0.270480977222323 0.129846616834402 0.208970884308219 0.239359228238463 0.106017898209393 0.188737170659006 0.156801534139086 0.00198815721669234 0.000804951519530732 0.000390139915289183 0.00027452033245936 2.44635355709173e-05 3.54840379229944e-05 0.000105133297211069 0.00019634738948298 0.00022933744621696 0.0058893090885249 0.0161347881762777 0.0280581874470226 0.0228578808470047 0.00730831248438335 0.000231153462955263 0.000229497614964203 0.00200125905288587 0.000183929678460117 0.000961765198007924 0.0026150242904987 0.0200855766157474 0.00893146143353079 0.010390785227828 0.00294520132436446 0.000483418052317575 0.0329084501725447 0.0883629654254764 0.0644899259321392 0.147163728028536 0.0743202856819456 -9999 -9999 -9999 -9999 -9999 -9999 -9999
0.0929992092773318 0.0241831881998223 0.00848855780350277 0.00774496369995177 0.0230546311009675 0.0728669140953571 0.0743873469997197 0.200514232739806 0.429113745689392 0.27466682381928 0.150106235966086 0.286023650318384 0.204469145834446 0.292133161425591 0.22005139477551 0.223230833932757 0.112838165927678 0.00875092414207757 0.00259525550936814 0.00108877010425203 0.000973208032519324 0.000277391227041679 0.000208571289515835 6.15071145944057e-05 0.000108856269336023 0.000181980937126148 0.000419903602960403 0.000865171593613923 0.00106015152996406 0.000515964478836395 0.000334435909462627 0.000284858323720982 0.000713899698894238 9.56973279245277e-05 5.99643120950629e-05 0.001232764141605 0.0174020227685105 0.0302836537361145 0.0286029377020895 0.0796699305996299 0.0468422826801543 0.0136978281443589 0.0925255009438843 0.204676071554422 0.237179938703775 0.086959896903289 -9999 -9999 -9999 -9999 -9999 -9999 -9999 -9999
0.100694085545838 0.0388959072032594 0.017072792055842 0.0123034340667073 0.00549864774733578 0.0107442413160243 0.033809570921585 0.140236848816276 0.401758724451065 0.309225355861709 0.182202281085774 0.368396125361323 0.487439389526844 0.432417198419571 0.289183646813035 0.0725792011525482 0.143823132496327 0.14732737285085 0.0157740546658169 0.0028827649683808 0.00018396647174086 0.000419085288376664 0.000880230884940829 0.000117582816153572 0.000132068263536216 0.000803445445763604 0.000488275473981048 0.0010779747372726 0.000670885035651736 0.000563312247322756 0.00012400420022459 0.000202641678297368 0.000210690023232019 4.98901470566392e-06 0.000466556732135379 0.0146920084836893 0.0225059711094946 0.0146035769804439 0.0042262406735972 0.0512934178765863 0.0362115669055493 0.0649593139023636 0.150659382753074 0.226581008210778 0.180381906015434 -9999 -9999 -9999 -9999 -9999 -9999 -9999 -9999 -9999
0.107920257677324 0.0756143364496529 0.000963364820927395 0.00175629847333768 0.000595719836636593 0.00403288238557593 0.0390739958826452 0.115878546759486 0.259411812387407 0.191721481671557 0.0473290256666951 0.300352511182427 0.500469724237919 0.511842775046825 0.440362835675478 0.234001883678138 0.0978378451243043 0.150265360344201 0.0327644676249474 0.00910497009754181 0.00261113813867269 0.00124390224380477 0.00488917151902569 0.000332853874169814 0.00105963137746585 0.00227273341370164 0.000395650188329455 0.000240009255571749 0.000364775198427196 0.000588303241602262 0.000226421010593185 0.000310140382280224 0.000107920442678733 1.39757895198118e-18 0.00204120879992843 0.0301912466995418 0.00971290199784562 0.00239240085997153 0.000788535692845474 0.0086058217054233 0.0238808900117874 0.152262068912387 0.161689787879586 0.103452793118378 -9999 -9999 -9999 -9999 -9999 -9999 -9999 -9999 -9999 -9999
0.011066163436044 0.00566174495033922 6.35393824448933e-18 0.00227117476752028 0.00211780744631938 0.0131278488853184 0.116285752831027 0.133769438415766 0.0679160477593541 0.218797183595598 0.328900315240025 0.373890705406666 0.369508644938469 0.415528489649296 0.505516909062862 0.424948735535145 0.123188996128738 0.0712046809494495 0.0768645144533366 0.0258395190990996 0.00309442958678119 0.00328742651836365 0.0165179686271586 0.00267627276480198 0.000608890367766435 0.0005768388958586 3.28272615206515e-05 1.49604974467368e-05 4.66681988427811e-05 0.00083161040674895 0.00164227836612554 0.000795928379739053 0.000782272973538056 3.97041458201225e-07 0.000269817572552713 0.0178535078302957 0.00729039621437551 0.00358847822863027 0.0179762188490713 0.0957785669830628 0.104430611804128 0.0704289866055963 -9999 -9999 -9999 -9999 -9999 -9999 -9999 -9999 -9999 -9999 -9999 -9999
0.0285861781600397 0.00558016062561137 9.87320132165334e-18 0.022341760864947 0.0184321368412247 0.0526586803891632 0.155507433563471 0.0983021530508995 0.262454699352384 0.434876934364438 0.421511428058147 0.428020684421062 0.33823053330183 0.318621811568737 0.426698051393032 0.549303295314312 0.323671198375523 0.15952231651172 0.254037500414997 0.155014295030851 0.0044399781501852 0.0279029677598737 0.0352185165474657 0.0122153868724126 0.00256885905593663 0.000505579953414781 0.00106512661318447 0.00191839801748301 0.000174074889564508 0.000152837330460898 0.000244746495973232 0.000718891793585499 0.00137574799055074 2.61253014650726e-05 9.01154475286718e-06 0.00365530262934044 0.010060929798783 0.0127324979133846 0.146056579425931 0.169475057173986 0.0533377602291496 -9999 -9999 -9999 -9999 -9999 -9999 -9999 -9999 -9999 -9999 -9999 -9999 -9999
0.0141070096503245 0.00293499461629608 0.00694822731311433 0.011563940574415 0.0689910280873301 0.0528896946460009 0.185536548495293 0.315074248015881 0.422111593186855 0.469715207219124 0.454309830367565 0.430671145021915 0.460146011412144 0.496418587863445 0.531297552585602 0.557101534903049 0.430313323587179 0.426167463511229 0.512104868590832 0.240264529380947 0.0503330006729811 0.0694523598719388 0.0848974238045048 0.00940223720972426 0.00314249197777826 0.0014090272723115 0.00390976223134203 0.00217578852170845 0.000210875631892122 9.02476887858938e-05 0.000139477164138953 0.000960715177061502 0.00239151858913829 5.58034911592229e-06 4.29349254773239e-06 1.57975038746385e-05 0.031620288155973 0.0269661564216949 0.0980518707497553 -9999 -9999 -9999 -9999 -9999 -9999 -9999 -9999 -9999 -9999 -9999 -9999 -9999 -9999 -9999
0.00343108460874646 0.00282992860229569 0.0160925424133893 0.0990433596540242 0.197381512075663 0.0897424458526075 0.29623411251232 0.404747138917446 0.436373345553875 0.478902459144592 0.490850687026978 0.518075242638588 0.46381511092186 0.450312995165586 0.456323299556971 0.549132840335369 0.568750786781311 0.511479713022709 0.531909503042698 0.356870446354151 0.0987347667105496 0.189847175125033 0.0561362605541944 0.0133411285351031 0.0691604001796804 0.071339450054802 0.00614106701686978 0.000408930172852706 0.000246008318572422 0.000103113851764647 0.000466143747507886 0.000875808742421214 0.000629631489573514 9.74887276686417e-19 1.57975038746377e-05 7.89875193731861e-05 0.063149862550199 0.0322031667654185 -9999 -9999 -9999 -9999 -9999 -9999 -9999 -9999 -9999 -9999 -9999 -9999 -9999 -9999 -9999 -9999
0.0156976618559929 0.00112065837151023 0.0047321248042863 0.0769916213897523 0.194935954064131 0.137461843062192 0.300602714661509 0.486995224654675 0.446932312846184 0.432589499354362 0.417938590571284 0.285861719399691 0.149528849063499 0.117777025626598 0.0817082955368928 0.254193653694437 0.495006664991379 0.452099613845348 0.466271240115166 0.40205742970109 0.31483858935535 0.323442746326327 0.130552525036037 0.156221555592492 0.30700669859536 0.219670019024052 0.0224126050889026 0.000794033859565389 0.00187133485967934 0.000278544666070957 0.00117437898421485 0.00113067265527206 0.000358903299638769 4.41619685292343e-19 1.73345292655593e-20 1.02205112998072e-19 0.0395803499037963 -9999 -9999 -9999 -9999 -9999 -9999 -9999 -9999 -9999 -9999 -9999 -9999 -9999 -9999 -9999 -9999 -9999
0.00163791214440608 0.0145856496626311 0.00285489771849825 0.0956778396658774 0.170881878137589 0.0464065410778858 0.323743453931529 0.526947851628065 0.446270827203989 0.52106648683548 0.322192358812599 0.0327914268954804 0.00796040537175467 -9999 -9999 0.0567407050931996 0.223595804721117 0.389047965407372 0.487251807153225 0.40398108035326 0.369999872148037 0.321086142510176 0.231318738758564 0.230347226932645 0.327571353837848 0.426935952305794 0.138303585507674 0.00498001679778099 0.0101539595110808 0.0132211783058665 0.0014537041163203 0.000723052565081161 0.00173391434382211 2.83951038727541e-05 1.17558855716477e-18 5.25320850204343e-18 -9999 -9999 -9999 -9999 -9999 -9999 -9999 -9999 -9999 -9999 -9999 -9999 -9999 -9999 -9999 -9999 -9999 -9999
6.72477458465606e-06 0.000701252463545643 0.00259248197471607 0.131997194376163 0.153267050534487 0.339789662510157 0.54428740888834 0.475293748825789 0.349216070026159 0.424404051154852 0.13367890752852 -9999 -9999 -9999 -9999 -9999 0.349649570137262 0.53531402349472 0.552526369690895 0.346840770542622 0.251656390726566 0.197265798225999 0.371033872663975 0.368652641773224 0.380345667898655 0.44047342389822 0.25267655402422 0.019901101407595 0.0069850092055276 0.0103824973339215 0.00352289159200154 0.000859221262544452 0.000270469918177696 2.70500398983164e-05 3.13158668511756e-18 -9999 -9999 -9999 -9999 -9999 -9999 -9999 -9999 -9999 -9999 -9999 -9999 -9999 -9999 -9999 -9999 -9999 -9999 -9999
0.0103589720489981 0.0180682790737092 0.0404672882286832 0.185032346569933 0.161746944263577 0.377944228798151 0.504283097088337 0.295521681159735 0.179335424304008 0.170006784051657 0.0938253535578648 -9999 -9999 -9999 -9999 0.150673489889194 0.395828518122435 0.307907900214195 0.18538651779294 0.208958219140768 0.134147708304226 0.126959783472121 0.266081531047821 0.365761809796095 0.377370836436749 0.431539239287376 0.254194654151797 0.027113463486312 0.0028661080962047 0.028260942111956 0.0121330041252077 0.0030448554380564 0.0114584761815422 0.00354220146455191 0.000190352051728565 -9999 -9999 -9999 -9999 -9999 -9999 -9999 -9999 -9999 -9999 -9999 -9999 -9999 -9999 -9999 -9999 -9999 -9999 -9999
0.00968585262333363 0.0269535320205614 0.0797689612722024 0.208684852421284 0.268917977847159 0.554485000669956 0.573975747823715 0.297153594717383 0.151383970305324 0.164056557863951 0.0887901214217501 -9999 -9999 -9999 0.063267343403662 0.242417696639895 0.245691560059786 0.132519163936377 0.0160731221723836 0.0364488007128239 0.029031864926219 0.0318952866643667 0.0708575619757175 0.299096619337797 0.473617289960384 0.456748591959476 0.187620890280232 0.00996203553397208 0.00272216544719413 0.0109778971003834 0.0350451174704358 0.0103102650726214 0.0259915179572999 0.0236518689390313 -9999 -9999 -9999 -9999 -9999 -9999 -9999 -9999 -9999 -9999 -9999 -9999 -9999 -9999 -9999 -9999 -9999 -9999 -9999 -9999
0.00108262797002681 0.00449511823255847 0.0437661716714501 0.117021143436432 0.354742192663252 0.61454413831234 0.562297457456589 0.437528893724084 0.0892679798416793 0.0944915126077831 0.0655511756074422 -9999 -9999 0.0641712164506316 0.16950462013483 0.213717838004231 0.159800521098077 0.0807768075028434 0.0180396916810423 0.0487335377372801 0.0307328985072672 0.01122175315395 0.0325774303637445 0.165578956715763 0.395491326972842 0.402281541377306 0.120682449465676 0.00272355221823091 0.00366347004892305 0.0194352994440123 0.0287053942214698 0.0223380503244698 0.037377957744818 -9999 -9999 -9999 -9999 -9999 -9999 -9999 -9999 -9999 -9999 -9999 -9999 -9999 -9999 -9999 -9999 -9999 -9999 -9999 -9999 -9999
0.0445667259348556 0.0153556537442138 0.0520452921744436 0.264864999875426 0.373357270136476 0.601065361499786 0.509674606323242 0.353726965487003 0.0904980038292706 0.0760780450515449 0.0732474719845413 0.145234609277969 0.131543136171756 0.143701731599867 0.174193234555423 0.27421229340136 0.0881403624242012 0.00238585157294438 0.00602228720061248 0.0246775031322613 0.0215484535554424 0.0458488479070365 0.0482424835092388 0.0214080466306768 0.0827401833701879 0.256018250118941 0.0160992672972498 0.00118680554403 0.00842076946049929 0.0325498494319618 0.0434212974117448 0.0926606278452608 -9999 -9999 -9999 -9999 -9999 -9999 -9999 -9999 -9999 -9999 -9999 -9999 -9999 -9999 -9999 -9999 -9999 -9999 -9999 -9999 -9999 -9999
