All_rasters_2/Croplands.asc
NCOLS 176 
NROWS 173 
XLLCORNER -17.5416666666667 
YLLCORNER -34.7083333333334 
CELLSIZE 0.416666666666667 
NODATA_value -9999 
[rows 72 to 95 of 173, columns 54 to 107 of 176]
0.331184579879045 0.348994371145964 0.311116433143616 0.259764141887426 0.230975286513567 0.135934197902679 0.170696582347155 0.183816390484571 0.277197031676769 0.403607873916626 0.381184009984136 0.247574435826391 0.100845476370305 0.0739583624899387 0.107959918864071 0.0365902911953162 0.0544313469424378 0.161396170873195 0.0463401069119573 0.023721175417304 0.0898154752328992 0.133680895753205 0.136824818421155 0.0587237120082136 0.0277950569975656 0.0284174180219998 0.00359730278511428 0.0451716270651494 0.00626257113850443 0.00502022371074418 0.00333011009381153 0.0049512018202492 0.00433303751196945 0.00322133363746232 0.00694503511738731 0.00260997956138453 0.000400274906541031 6.84923769609007e-07 3.42443418052915e-06 0.000101019686262613 0.00185660708782962 0.0148186020727735 0.0095682486530859 0.00163287199800834 0.0058324187528342 0.00828569890465587 0.0120055793522624 0.000674230288132094 0.00107653434039094 0.000148630386117929 0.000121371854254473 2.34368872165708e-07 4.85970323528435e-16 1.59687476194978e-08
0.236183000355959 0.288050369173288 0.320991717278957 0.326328156888485 0.261589648574591 0.219367310404778 0.174711030721664 0.286997510492802 0.241130661219358 0.328100016713142 0.261350128054619 0.069118223618716 0.0645050412975252 0.0714988861232996 0.116320542991161 0.133899719268084 0.0630654808133841 0.0220601460896432 0.0185016573872417 0.0233872167300433 0.0101439189165831 0.011634132405743 0.0168794698780403 0.0211503606988117 0.0432711314409971 0.00934961459279293 0.000906081393914707 0.00199312365372329 0.00189384213154897 0.00398099574526977 0.00681855294387788 0.00365170931777219 0.00127670286019566 0.00469232721359628 0.0121908945264295 0.00814727030228823 0.00110102673061192 0.000264745772074104 0.00031030161517268 0.000502548959048002 0.00892797692795284 0.00661629888054449 0.00713325807300862 0.0189622781355865 0.0211937282583676 0.0118612416437827 0.00908574360073544 0.00214827005402185 0.000554788377667137 7.12270852091024e-05 3.03248498313533e-05 4.10206256678876e-05 2.25921984797267e-15 7.98437373850257e-08
0.284585714191198 0.311521070152521 0.367734411358833 0.388439271748066 0.275652204751968 0.304608392715454 0.285463156700134 0.422561595737934 0.341066002845764 0.114335999703035 0.091994806015864 0.143881961330771 0.184682302996516 0.145473946556449 0.0979498445987701 0.0520078218355775 0.0117324008975993 0.00363238087884383 0.00870754189032596 0.00707599527551793 0.00608327202498913 0.00354543601162732 0.00677873137348797 0.00658538272546139 0.00583993736945558 0.00561882117657501 0.000535031592690995 0.00182167427992682 0.00163743497643922 0.00833532810212107 0.00320714352070354 0.00668764802976511 0.00760054905404104 0.0094161091868591 0.0179598655900918 0.00504027218266856 0.000630769632989541 0.000837017868761909 0.00320217491826045 0.00108733642409789 0.0129682380834129 0.00874250353954267 0.011451759901247 0.0309793819207698 0.0219635346904397 0.00537884155288339 0.00559656085446477 0.00342547895852476 0.00356400173386646 0.00195377669759182 0.000927771970600588 0.000581469300486869 2.60979733869001e-05 3.80445100746156e-05
0.0553323389419044 0.158748403141508 0.380184431374073 0.324480462372303 0.306163253486156 0.332388785481453 0.29327605009079 0.387291059836643 0.211331202914038 0.0474231436747275 0.0104109641280957 0.094406468665693 0.18900530859828 0.169172963835299 0.0534713933244348 0.0458528329245746 0.00838939469278557 0.00221903095516609 0.00126576045469848 0.0101151894463692 0.023371084802784 0.00464626717381179 0.00598710789286997 0.00628702652320499 0.00649551790585974 0.0265155357292299 0.000336305959164074 8.5480203828524e-05 3.57054024554225e-05 5.22459340573391e-06 0.000120451387459117 0.000897528727073223 0.0030153539715684 0.0157923789789493 0.0253611689200625 0.0203550920035923 0.0229425382829504 0.0354462490335573 0.0048251185042318 0.00181437673571054 0.00515814171521925 0.0135053605772555 0.028481775210239 0.0767156020924449 0.0683751713484526 0.0432840682566166 0.0157283062697388 0.0160349050420336 0.00550212401663885 0.00345054358098423 0.00190345983573934 0.00128274431735917 0.000474911308374431 0.0034675482836974
0.00399772463824775 0.0420468906930182 0.258744347840548 0.186717155575752 0.280297848582268 0.354599975049496 0.34663662314415 0.198347554206339 0.02406303205077 0.00382091121667488 0.00997810538974591 0.0474666331429034 0.225421642884612 0.137764253746718 0.0588252167217433 0.0765193560160697 0.0493764031445608 0.0650470313848928 0.0262326727388427 0.0614379901206121 0.0831942753866315 0.0251820194534957 0.0164177756523713 0.00572371324960841 0.00336167285422562 0.00939839877537452 0.00414618730428629 0.000876157871971373 0.000731349327179487 0.00105238924879814 0.000983148331943097 9.29179761442483e-05 0.000775512831751257 0.026594683197618 0.0286340992432088 0.00724994123447686 0.063878247118555 0.0241702874423936 0.00965211010770872 0.00772235806798562 0.00825272987131029 0.0269856449449435 0.0889426201581955 0.144921693764627 0.16567799076438 0.170705560967326 0.043796812184155 0.0165738438954577 0.0106049695285037 0.00678113737958483 0.00927331956336275 0.0220250702390331 0.00912494207004784 0.0292642333079129
-9999 0.021915447331412 0.0613139281980693 0.0877198412641883 0.217964380010962 0.288103230297565 0.363096017241478 0.25719059638679 0.123058399464935 0.0186982006991384 0.00860047142836265 0.123403892037459 0.156010301616043 0.0969008865207434 0.0853914150036871 0.156877545416355 0.13692330494523 0.193353838846087 0.121608087718487 0.175251446217299 0.137715419847518 0.141470089070499 0.0462449598545209 0.00747172898845747 0.00475770684250165 0.00765517416468356 0.0141803428123239 0.00134223980276147 0.00203555731248343 0.00303762906078191 0.00267311769763183 0.00109622796735494 0.00376201752951602 0.017641601615469 0.0305176814226434 0.0309634584467858 0.0840033164946362 0.0391952673811466 0.0608184413984418 0.0991865472774953 0.0393883338058367 0.0962922065751627 0.14818820245564 0.255172472223639 0.210832032933831 0.0931147614866495 0.0201728691824246 0.0156189947505482 0.0166813025914599 0.00131133803370176 0.00162754811899511 0.00594467046088542 0.00407899958077073 0.0070630042356801
-9999 0.00630073816689125 0.019150520907715 0.0307262657594401 0.0529127402801532 0.14358534719795 0.27389314038659 0.264817044991305 0.0607388683198604 0.0835271369875409 0.193841413753107 0.140554275922477 0.0231792622129433 0.0288970314385369 0.227226420491934 0.348048120290041 0.34258430197835 0.183375307358801 0.141658675856888 0.239310963526368 0.312847792357206 0.243903289809823 0.193429236458614 0.063439339119941 0.021836275869864 0.0103421249071835 0.0183221852406859 0.00984468201699201 0.00705978526326362 0.00424098689691164 0.00338616155087948 0.0165029531845357 0.0791241318569519 0.043254881426692 0.0154617752763443 0.0252623577718623 0.0479642690345645 0.126898275129497 0.213050932437181 0.291054498851299 0.192642956376076 0.210369430482388 0.215378594743088 0.121966654183343 0.111224790736378 0.0184338517512697 0.00185126310041597 0.000221094873268158 1.03473023075724e-05 2.98129909465322e-15 0.000111186213325731 0.000130684507894353 0.000324157917056694 0.00272598453317315
-9999 -9999 -9999 0.00462626741500571 -9999 -9999 -9999 -9999 -9999 0.0852172022568993 0.325495789945126 0.167721418663859 0.0287452838732861 0.093044454685878 0.436690978705883 0.501431412994862 0.256812538206577 0.102398751303554 0.118890710547566 0.122545320913196 0.0792027730494738 0.092285175062716 0.114502058550715 0.183071721345186 0.19356056638062 0.0906163275241852 0.0476802815683186 0.0384034350980073 0.0217318821349181 0.0196633466985077 0.0144418655894697 0.0604875531047583 0.170229044742882 0.0340220475569367 0.0382515973877162 0.0352677654009312 0.0346413865685463 0.0310618289513513 0.0996663860278204 0.184750884684036 0.177339443913661 0.320995964109898 0.137678470695391 0.0235210633138195 0.00474485302947871 0.000727578055830239 2.79800451608479e-06 3.88065091101484e-05 0.0209967161383395 0.00161053454504899 0.00525561632821336 0.00256572817161214 0.00356495836458635 0.0064205615199171
-9999 -9999 -9999 -9999 -9999 -9999 -9999 -9999 -9999 -9999 0.0472224153467079 0.106236479058862 0.211257083676755 0.345130097940564 0.360773234069347 0.430457888245583 0.274423698782921 0.131109607405961 0.0838870945572853 0.0633034695312381 0.0219605911523104 0.0101048205996631 0.012056082353236 0.0168618212046934 0.0931785266124643 0.0574724077235442 0.0301927737891674 0.0217651841510087 0.00720443768368568 0.00505926679761615 0.032078100903891 0.103111473284662 0.0528773687779903 0.0205232617817819 0.0294356876984239 0.0408411493524909 0.0446299345232546 0.0188042093301192 0.0074485582901616 0.000809072122610814 0.0116209921982954 0.0704615418566391 0.0746112069673836 0.0173832026752643 0.04664437569445 0.0357245712797157 0.00678098399424925 0.0210601304046577 0.0142631278530462 0.0158259560726583 0.0312708125682548 0.0110780512611382 0.00665060521801934 0.00676898016827181
-9999 -9999 -9999 -9999 -9999 -9999 -9999 -9999 -9999 -9999 -9999 0.0678471275716133 0.251089102989063 0.227222784608603 0.241692493855953 0.424133078604937 0.391025248467922 0.137247993797064 0.0315809040900785 0.0158796967193484 0.0120557202608325 0.00290898644539994 0.00209978736359609 0.0157285635127122 0.0348693293845281 0.00800070904079247 0.052655070461345 0.0186548986053094 0.00146752152337285 0.00096500666004431 0.00550763523671776 0.0286584289275731 0.0423693164688302 0.040671213939786 0.0635517646372318 0.115933621488512 0.0903485115990043 0.0505432099942118 0.0241645393572981 0.00346592693385901 0.00739222654199693 0.0315514269750565 0.0273285533167655 0.019706632400048 0.0356287444359623 0.0467867661663331 0.0105576712056063 0.0108393144560978 0.0188166478276253 0.0452189185470343 0.0529769468121231 0.0244990443345159 0.0161251190025359 0.0148824677336961
-9999 -9999 -9999 -9999 -9999 -9999 -9999 -9999 -9999 -9999 -9999 -9999 0.182677016360685 0.106478938087821 0.261319495737553 0.246031410247087 0.218770153075457 0.149985866621137 0.0224410939350491 0.00136568086163606 0.0102429519356519 0.00934183050194406 0.00356974041807439 0.00542064849287271 0.00602997462265193 0.000301862406212816 0.00731678266317176 0.00241479116968713 0 2.93496832455276e-05 0.00056073652485793 0.0046412912546657 0.014752363495063 0.079652185831219 0.108841973915696 0.168568562716246 0.0991179930977523 0.0794889646582305 0.086249983869493 0.0470199197530746 0.0296637380626635 0.0691713804844767 0.0624210797366686 0.0265903301886283 0.0299448342993855 0.0445049414178357 0.0311810575192794 0.076439734431915 0.0283773125614971 0.0221296242438257 0.041176222730428 0.0273375498130918 0.0467305748723447 0.0750167854130268
-9999 -9999 -9999 -9999 -9999 -9999 -9999 -9999 -9999 -9999 -9999 0.0546077825129032 0.0885514782090045 0.0762272822857208 0.22684454023838 0.227349986732006 0.11551752500236 0.0410675558028743 0.027728463607491 0.00478167692024726 0.00436301199260924 0.00380764189547335 0.00287487716497028 0.000104577037663715 0.00445327523099931 0.0041927348153953 0.00151975757762558 0.000309919896116698 4.69968465040438e-06 0.000392082472171751 0.000200183923256409 0.00437438947948976 0.0375980675366009 0.0550525625236332 0.107764971517026 0.0677760125603527 0.0898441273439676 0.0608293733373284 0.0391492169350386 0.0435552422143519 0.128742127865553 0.168181728199124 0.0957284581102431 0.0770620614895597 0.0567970772506669 0.0362419047625735 0.0072426517913118 0.0265687770501245 0.00535649816767545 0.00115948725593626 0.0149506847963494 0.0292901397537207 0.0173463695833198 0.0617659266106784
-9999 -9999 -9999 -9999 -9999 -9999 -9999 -9999 -9999 -9999 -9999 0.0149674010886387 0.053077305033803 0.207213948443532 0.289691806584597 0.189591119932011 0.0300618864421267 0.0114549627818633 0.00494496724539204 0.000129420940065763 0.00215215594034817 0.00631436656876758 0.00438977007739894 0.00186240746998885 0.014531834492455 0.00783907379033589 0.00123093484289712 0.000256490732328915 4.01883623674035e-06 0.000362714112270623 8.8036618456792e-05 0.00841900781163448 0.0116394167336694 0.017966837306667 0.0264425461827341 0.00863966845972755 0.0339532380542369 0.0514180432446301 0.0259301587939262 0.0651766336522996 0.0735713537875563 0.0885176712181419 0.101209393069148 0.123074003867805 0.0353836152353324 0.00172426373763301 0.00127167814534914 0.000660036111366936 0.0123391999502201 0.0321632809239964 0.00489506966187037 0.00625279492953268 0.00419547281504492 0.0277805212012026
-9999 -9999 -9999 -9999 -9999 -9999 -9999 -9999 -9999 -9999 -9999 0.0364661843050271 0.0725868331850506 0.152899708691984 0.156715787947178 0.0873614412266761 0.00869001564278733 0.00119096689741127 0.000237515974004054 8.59137941006338e-05 0.00910601074428996 0.00500164502882399 0.0025433796516154 0.00899816975652357 0.000961810103763128 0.0055688246153295 0.00771964160958305 0.000863897702220132 4.03825142711867e-05 4.18339805037249e-05 8.366797160518e-06 0.00394198110986075 0.000231149212595483 0.00326973325081781 0.00601735440432094 0.0147006202896591 0.0168080714414828 0.0267464891541749 0.0286884158849716 0.0306196960620582 0.0322943814564496 0.0110277357671293 0.0177554321897333 0.02285031164065 0.0230227946303785 0.0132649518389371 0.00752264199254569 0.0011800492356997 0.0298071381490445 0.0521186099387705 0.0180745056823071 0.0145412947422301 0.0238043891265988 0.0141990694100969
-9999 -9999 -9999 -9999 -9999 -9999 -9999 -9999 -9999 -9999 -9999 0.0316592247691005 0.0158181677968241 0.0521850620210171 0.0351945935748518 0.0241130019514821 0.00215079353452893 0.000374298442329746 5.65002653547709e-05 7.39420918489487e-05 0.0018588053600979 0.00107595748544554 0.000395971915931956 0.00152673585582843 0.000848941081355994 0.00533456119243056 0.00943192632466825 0.000943207516884159 8.20168708473786e-05 0.000934342985419789 0.000301961845656446 0.0015276547764042 0.00159970968870766 0.00402349015665095 0.0112177932728082 0.0274468599818647 0.0226200032630004 0.0205653902605991 0.00590058329835301 0.0083069994658581 0.00964550781674916 0.0165828428798704 0.0172497030373779 0.0114505275862757 0.037465107627213 0.0223392497422174 0.0128749985084869 0.00310482392087579 0.0432454362348653 0.0386586030386388 0.0125390381457692 0.00717619771436148 0.0104928801039932 0.011086504108971
-9999 -9999 -9999 -9999 -9999 -9999 -9999 -9999 -9999 -9999 -9999 0.0100494743004674 0.00484845362207125 0.0158409056426535 0.00659529695221863 0.00402755494993471 0.00136884693711181 0.000364784242265159 0.000467825689047459 0.000508650829697217 0.000313505800613711 0.000979687497620034 0.000356509459741845 6.50043118411176e-12 0.0011454033211997 0.00840996094979346 0.00363675740145418 0.000177024496788235 0.000368569165921595 0.0017771388462279 0.000566446223238828 0.00245636637555435 0.00512038079323247 0.0130622031784151 0.0180809891585977 0.0284525105677403 0.0200663787708618 0.00924368250038242 0.00236543491992052 0.00112729972097441 0.0132467987496057 0.0475170159596019 0.0461718638497405 0.0197536469250917 0.0471286511048675 0.061849348321557 0.0425935645881691 0.00652500874857651 0.0828462288784794 0.0222331615816802 0.00646046814508736 0.00813634124060627 0.0177423453154188 0.0221502663567662
-9999 -9999 -9999 -9999 -9999 -9999 -9999 -9999 -9999 -9999 -9999 0.0347499127528863 0.0045761746367134 0.000123927683489455 8.1502452303539e-05 0.000503840615419904 0.000253674828127259 0.000591968393564457 0.00194843078261329 0.00206099363390422 7.9670608329252e-05 0.000106687218703883 0.0016068063086084 0.00217081536811187 0.0122141773346812 0.0259954392095096 0.00541127991176357 0.000224905533129412 0.000305477561960288 0.00335777346936084 0.00108961206225598 0.00203750440705335 0.00354997621616349 0.0117031046422198 0.0131785646831304 0.00634926548491421 0.00442105606198311 0.00817480446421541 0.0200021886266768 0.00462016194942407 0.0160062663897406 0.0339847357245162 0.0530890027992427 0.0165648192683875 0.0170117192974431 0.0517821408822783 0.082937952503562 0.0593009199947119 0.132681411504745 0.054283986473456 0.017535978986416 0.00150032237324922 0.00197489738238801 0.0256992871873081
-9999 -9999 -9999 -9999 -9999 -9999 -9999 -9999 -9999 -9999 0.0104619160693426 0.00747865537123289 0.00652291725375108 0.0029861779424391 0.00380648918362567 0.0123469776521233 0.0117031578565366 0.0004334329503763 0.000126365939687868 5.46479398280596e-05 0.00016725353698447 0.00278894282072425 0.0102797970031861 0.0412194469477981 0.0540796639490873 0.0663303591427393 0.010543211351639 0.0018618996864874 0.000695680064418411 0.00284340252055699 0.00201316314247379 0.0108765921959275 0.0136705327662639 0.0178965571150184 0.017688786755316 0.00934148773085326 0.00919602117501199 0.0145868948951829 0.0257480373606086 0.0213175199308898 0.0174898923607543 0.0224018293491099 0.0155648701488826 0.00366733449285675 0.0218241257112822 0.0588812897357275 0.0793019919749349 0.0261393305088859 0.0278046779090073 0.051700906373444 0.00189657081500627 0.000266428481490948 0.00564060698518915 0.0266431512451163
-9999 -9999 -9999 -9999 -9999 -9999 -9999 -9999 -9999 -9999 0.0288928320706337 0.0152596861356869 0.00947989147913177 0.00635134591479982 0.00299647147214147 0.0118482441107278 0.0121071507345187 0.000911289124633186 0.00021501720811648 0.000187247642626852 0.000532679810658999 0.00511797957777162 0.0356316934525967 0.0314624421298504 0.0353085155785084 0.0780527317523956 0.0344891112530604 0.00177045689146325 0.000652865006268257 0.00682780362039921 0.00274009704895434 0.0136381860364054 0.0180877526290715 0.0243620989192277 0.0166631404217333 0.0148875671438873 0.0140604966785759 0.0309838282782584 0.0469381848350167 0.0245055947452784 0.022508858354995 0.0188719016325194 0.014251217512865 0.00614097394885903 0.039613825964625 0.0794073241576552 0.0510139811981935 0.00229248341638595 0.0259690249641426 0.0402292809379287 0.018745162858977 0.014257601624704 0.00699469918501563 0.00234144350051793
-9999 -9999 -9999 -9999 -9999 -9999 -9999 -9999 -9999 0.0254472308248902 0.0328331424854696 0.0194876303430647 0.0155373841058463 0.00426126632405612 4.39447487388832e-05 0.00113066909916017 0.00147595145099331 0.000170115919900127 0.00251922892712173 0.00148369631497189 0.00370583600306418 0.0212502242589835 0.0841397454962134 0.0340902986936271 0.0370440482161939 0.0541713451966643 0.0358764245174825 0.00528895890784042 0.00544479145901278 0.0180536541156471 0.00767636587843299 0.0252785741118714 0.0318436706438661 0.0207479088101536 0.0123770305362996 0.00586527711129747 0.00725670945830643 0.012142742308788 0.018027382902801 0.0224239591509104 0.0218279022723436 0.0469024553894997 0.0388693079352379 0.0339974030852318 0.037741469219327 0.0611879028379917 0.0215606416676565 0.00124382253079602 0.0101136487326585 0.015387001063209 0.0139764372434001 0.0559144795814063 0.0381386117485818 0.00524511095136404
-9999 -9999 -9999 -9999 -9999 -9999 -9999 -9999 -9999 0.0150019123951798 0.0249234717991203 0.00361228273709457 0.00238135636557672 0.0051025873675826 0.000274252058568436 0.000136649620036088 0.000484460821365565 0.00538017197104637 0.00234106442348093 0.0129794979429698 0.0300687461567577 0.0557791316241492 0.0725377289578319 0.0167880799621344 0.0214499436179176 0.0172539847623557 0.0480772689916193 0.0208737480826676 0.0175343719008379 0.0183224906446412 0.00488624165765941 0.00747636434622109 0.0119643498212099 0.0139976857881993 0.00922207979005179 0.00115120410209784 0.00385728660785389 0.00474091431620764 0.00294744583225111 0.00723610603949055 0.0127264762227423 0.0271467379061505 0.02482442015782 0.0309145641047508 0.0236615141388029 0.0152307366766036 0.0096229778052475 0.000720422950598733 0.00707491846143967 0.0157247404102236 0.015214202972129 0.0248325455526356 0.0120800773601513 0.0168266165723253
-9999 -9999 -9999 -9999 -9999 -9999 -9999 -9999 -9999 -9999 0.0156646419200115 0.00322572213976855 0.00900029049385012 0.016577521856816 0.0160700271081964 0.00151728975545439 0.000768359568610322 0.000483411762979813 0.00105716959044912 0.0336092956311313 0.112827805429697 0.0656972421333194 0.0590957718493883 0.0095666368782986 0.00933280898723751 0.015962913678959 0.101115044951439 0.0211205937806517 0.00609524161554873 0.00475591841386631 0.0171913488698192 0.00586085343267769 0.00781860427232459 0.00551471913015121 0.00604445445002057 0.00353502134621522 0.00823469150160236 0.00816514474368887 0.0027808712926344 0.000255060528870672 0.000333405334968121 0.00583488189149648 0.0100614782120101 0.00625758236274123 0.0113935915505863 0.00718429621745599 0.00756066042869861 7.25838136531831e-05 0.00319139204206294 0.00813631819721195 0.0196279071387835 0.0258305855840445 0.0164014245488943 0.0163385980076782
-9999 -9999 -9999 -9999 -9999 -9999 -9999 -9999 -9999 -9999 0.0136827755098542 0.0031377461637021 0.00229445978548028 0.00653944190635229 0.0833602198399603 0.0413873553203302 0.0036818875130848 0.000587200633162865 0.00847724498380558 0.00761022582410078 0.0263081662415061 0.0349087039707229 0.0293734922131989 0.00443333460134454 0.00794409236405045 0.0118483263533562 0.0700884773395956 0.0507218934595585 0.0309420514851809 0.0155055387876928 0.0204530115472153 0.00831670525949448 0.010961759951897 0.00136288964495179 0.0047853684227448 0.00488441425841302 0.00403362214565277 0.000813035294413567 0.0057533485814929 0.00205399904807564 0.000107030835351907 4.77922458620478e-18 0.00463595297187567 0.00685443935217336 0.0118940206157276 0.0073878526018234 0.0122181362413357 9.64044643296802e-05 0.00375302892680338 0.000818779670225922 0.00176606566310511 0.0104393567075022 0.00440091359814687 0.0117957535258029
-9999 -9999 -9999 -9999 -9999 -9999 -9999 -9999 -9999 -9999 -9999 0.00372087162357179 0.00325338971844758 0.0292933705958421 0.0478285732213408 0.148828522656113 0.0199021559918765 0.00866268527388456 0.00565713451229385 0.00227297070494971 0.00211797512893099 0.0203650635242229 0.0182755439216271 0.00708796521648765 0.00933177688159049 0.0120891560427845 0.0158419892657548 0.0237025624513626 0.0179333780519664 0.0218412940390408 0.0326335980324075 0.0187012745859101 0.0124114719219506 0.00321184175947565 0.00278764170972863 0.00439318048229325 0.00991217777132988 0.00324692683294415 0.000198983121663337 0.000383069549570803 0.000882980562164451 0.00169428821573092 0.00698314247078088 0.0103802602807991 0.0218379104422638 0.0160202463233145 0.0105667474515906 0.00227556638636202 0.00375654159077385 0.0167323477605532 0.0181900587638665 0.0317752091609873 0.0472219099011272 0.0582537660608068
