All_rasters_2/Croplands.asc
NCOLS 176 
NROWS 173 
XLLCORNER -17.5416666666667 
YLLCORNER -34.7083333333334 
CELLSIZE 0.416666666666667 
NODATA_value -9999 
[rows 48 to 71 of 173, columns 54 to 107 of 176]
7.26460656348266e-05 0.000219144814001186 5.67493205004192e-05 2.30110657091498e-14 0 0 0 0 0 0 0 0 0 0 0 0 0 0 0 1.65171424714589e-21 4.82808779934951e-21 0 0 0 0 2.26157796916898e-21 0 0 0 0 0 0 0 0 0 0 0 0 0 0 0 0 0 0 0 0 0 0 0 0 0 0 0 0
7.1230909625547e-13 0.00188289586819036 0.00087628077074671 2.48076802804505e-05 0 0 0 0 0 0 0 0 0 0 0 0 0 0 0 0 0 0 0 0 0 2.45705729152751e-20 5.96231785528222e-21 0 0 0 0 0 0 0 0 0 0 0 0 0 0 0 0 0 0 0 0 0 0 0 0 0 0 0
0.000545377582827157 0.000983559406195172 0.00381983240076806 0.000787125581595494 1.857120707216e-13 0 0 0 0 0 0 0 0 0 0 0 0 0 0 0 0 0 0 0 0 2.65253661388604e-21 5.19509129352704e-20 7.54166372499707e-20 6.19392842679707e-22 0 0 0 0 0 0 0 0 0 0 0 0 0 0 0 0 0 0 0 0 0 0 0 0 0
0.00829187936511506 0.00384898070191112 0.00678385707142297 0.00120257213287878 7.42476126070628e-06 5.62900422664825e-06 2.1553075130214e-05 1.0519723437028e-05 1.65844672193725e-05 3.27111242084192e-06 2.67351348867845e-06 7.78772649124258e-14 2.94865735018905e-14 1.86986331366518e-14 0 0 0 0 0 0 0 0 0 0 0 0 1.8952362194815e-21 2.81850213198868e-21 0 2.11070022543931e-20 2.69959988201786e-20 1.42365062609767e-20 0 0 0 0 0 0 5.03523779116222e-07 5.76169460146048e-06 5.20757248523296e-06 4.34989544384479e-13 3.04466326412287e-05 6.98600065152277e-05 3.79014440113679e-05 6.77583861397579e-05 0 0 0 0 1.19975780421555e-08 6.88531569608131e-07 6.77137995808152e-07 0
0.0692012152634561 0.10173747362569 0.0326560128014535 0.0279921363850008 0.0086227790961857 0.00280313093571749 0.00141483816296386 0.000989710223075235 0.000657338802503409 0.000538305238886251 0.000557775010013886 0.000254135048115254 0.000101293894624272 1.39595272414648e-05 1.07896645177435e-12 4.65112800704381e-13 6.42481032974871e-14 0 0 0 0 0 0 0 0 0 9.47618109740749e-21 1.0858259744877e-12 0 0 7.11825313048833e-20 1.00303825104053e-12 9.60254824874246e-13 2.02593492112588e-12 4.9134966928488e-12 1.57550003859058e-12 3.15100007718117e-13 1.14067242066085e-05 5.25555017247825e-05 4.3394676367825e-05 6.03777026299213e-05 2.983995636896e-05 0.000131765217429347 0.000408263183180679 0.000302467808069196 0.00037997457657184 1.31218836031621e-05 0 0 0 5.00379554324581e-06 1.7816356407252e-05 5.84379031352e-06 0
0.240067106485367 0.277281478233635 0.16985492175445 0.14167220627889 0.101661157901399 0.185708907514345 0.246687233879929 0.249892509491183 0.257130284418236 0.292818398032687 0.133752862839028 0.0051170651029679 0.0014934658382117 0.00118021388701299 2.94595362178425e-05 2.51898622857302e-05 1.48354067032813e-05 8.91325458119085e-18 9.95180864598883e-17 0 4.96548064621e-17 5.64690187043581e-17 0 0 0 4.29486602532281e-13 1.62680272898508e-12 5.42525737876054e-13 3.65006387744934e-13 7.28686865079757e-12 5.18465646069364e-06 2.75165914128192e-05 1.21339734712939e-05 6.76090538115493e-07 3.40567329160451e-05 3.68381602551891e-05 0.000104977244690682 0.000628179404939146 0.00133986545588414 0.000350853418640327 0.00057465067733574 0.000830261008195521 0.000869192740337894 0.00401501330901738 0.00135314091457985 0.000516865352619789 0.000236186745096347 0.000521806257074786 0.00018005443965194 5.50052722337568e-05 0.000398410686830175 9.26339758916583e-05 2.53016677015694e-05 1.60860148753272e-05
0.38424923568964 0.287419618964195 0.400077231228352 0.570238052010536 0.526505409479141 0.637487563490868 0.611737067699432 0.648857326507568 0.482840004563332 0.605804405808449 0.397049289662391 0.147170480707427 0.121200719892513 0.0441842507658566 0.000899731723757213 0.000193618185257947 8.59569013459366e-05 3.02115910019078e-05 1.70794932667143e-05 0.000644714861337801 0.00162956294625489 0.000170986155571938 5.48774003391372e-05 8.84147605347607e-05 4.70510758896125e-05 1.22558509540118e-05 2.10200939363858e-05 1.66913830980786e-06 3.20078043163962e-13 1.60038992365697e-12 3.51526154736348e-05 0.000147333990553307 0.000275900155338604 0.000268293845128937 0.000353385952475946 0.0003294607380667 0.000590777827237616 0.00078474015914253 0.00336979466956109 0.00431480271334294 0.00316959470103029 0.00306130269891582 0.00963489726593252 0.000778060264128726 0.00055294121557381 0.00198726760601858 0.00718927407404408 0.00244679031602573 0.00644088430550255 0.00747762092245466 0.00958575665645185 0.00088608275795959 1.16720640538415e-05 0.000615830903561076
0.383809573948383 0.444362968206406 0.546408824622631 0.709845465421677 0.754773995280266 0.763889402151108 0.753356599807739 0.73982261121273 0.746542602777481 0.70645692050457 0.602548369765282 0.490597754716873 0.24469299018383 0.1636776279076 0.0667265576485079 0.0264042067850824 0.00327108535275329 0.0106276951955806 0.000343418756165192 0.0838377131523885 0.108703040372347 0.00913900411105715 0.000423616267289617 0.000198763684238656 0.000503161570668453 0.000348560506245121 2.49056079155707e-05 2.49109789365373e-06 3.14476119456234e-05 0.000197166482394096 0.000127899034669099 0.000462733572203433 0.000462994750705548 0.000452870078879641 0.000214080513978843 0.000262484947597841 0.000429652538878145 0.000818388576590223 0.00311034011247102 0.00336610163503792 0.00813056369079277 0.0322892180993222 0.129537034709938 0.00457607636053581 0.000686037405102979 0.00430005723173963 0.0085006120003527 0.00303810728655662 0.00921663381159306 0.0395869103260338 0.0493979283492081 0.0023570437937014 0.000625765762644729 0.00827185288839793
0.466880990564823 0.445217759311199 0.552896638214588 0.691412460207939 0.737034972906113 0.762368503212929 0.75609371304512 0.747920755147934 0.721721309423447 0.66074037373066 0.616349774599075 0.610996933281422 0.383120229542255 0.257167174890637 0.198098806664348 0.0615780187956989 0.0182330575585365 0.0372228212654591 0.0367236147233052 0.112307744181599 0.121152826840625 0.0830575638269511 0.0224558976199478 0.0133148705252097 0.00194446712819627 0.00107320728195191 0.000415071038150927 0.000248490641570243 6.68777402461274e-05 0.000196141671403893 0.000400069346869714 0.00140993404216715 0.00156189236440696 0.000976647923380369 0.00213427700728062 0.00593192786182044 0.0208561393464333 0.0251763391884742 0.018620534427464 0.00747565462719649 0.0237848896021023 0.0948709573596716 0.105641150400043 0.0521175773191499 0.017577660997631 0.0115607114700833 0.0274291046231519 0.0296823321667034 0.0520672859624028 0.0859027599357069 0.0594387689954601 0.0292495224601589 0.0405511794371159 0.0449752377637196
0.520849088728428 0.409209280312061 0.450025334954262 0.565013927221298 0.682267011404037 0.733130359649658 0.721765196323395 0.717356369495392 0.720911726355553 0.701462479233742 0.693500061631203 0.69997772872448 0.550336965024471 0.395679732859135 0.294004148989916 0.233854037094861 0.122210292443633 0.253836019150913 0.411833428964019 0.436134583801031 0.189797644014106 0.121307814787069 0.125632287794724 0.15075372136198 0.0865910994564183 0.00493482368910918 0.00201610299263848 0.00311167829291662 0.00484732559678378 0.00942445120745106 0.0125591101162718 0.0156040920468513 0.0116726278443821 0.00858242028625682 0.00736720144283026 0.0126288558356464 0.0249973188701551 0.0246752240124624 0.0144536648876965 0.0297338257916272 0.0755952582973987 0.134058421850204 0.319235573299229 0.136335859708488 0.034691846370697 0.0277690582349896 0.0479793036449701 0.0271538549568504 0.11487901719287 0.0994073585793376 0.0343981936573982 0.0286125565785915 0.0843715550377965 0.0915932944044471
0.472375999391079 0.505221748352051 0.553484156727791 0.530521702766418 0.520650044083595 0.516401775181293 0.533344598114491 0.536671997606754 0.5847232863307 0.682073402404785 0.70955109000206 0.704329743981361 0.560753118991852 0.476346614956856 0.489854045212269 0.459924674034119 0.453885327279568 0.501532875001431 0.50913911908865 0.535911662876606 0.418023630976677 0.133725879248232 0.0578845641110092 0.126667650183663 0.129061003401875 0.0318956640549004 0.0174084182363003 0.0301531372126192 0.0466634588316083 0.077681596390903 0.092802794650197 0.0626570778898895 0.0240607741288841 0.0464003599248827 0.0389316807501018 0.0299127378966659 0.0509214827325195 0.0502335140481591 0.0459495759569108 0.0499800278805196 0.0802317770197988 0.143228940665722 0.108445841632783 0.0961524037644267 0.0718739870935678 0.0647483021020889 0.135364041104913 0.0288057554280385 0.0829027467174455 0.0988814173266292 0.0572001589462161 0.0134159658569843 0.064324687095359 0.0907729361206293
0.51149095416069 0.536975604295731 0.506946179270744 0.489264770150185 0.494303990602493 0.504283945262432 0.510892725288868 0.524012080132961 0.531051017343998 0.554129819273949 0.602310261130333 0.601780799031258 0.559702045321465 0.522610797584057 0.504556925594807 0.486854509711266 0.498206915259361 0.512416087090969 0.499697606861591 0.528853329122067 0.518170854449272 0.282211589217186 0.49349851205945 0.467341730743647 0.0817229178547859 0.0400603004358709 0.0309659066610038 0.0501119279488921 0.0652687327936292 0.123416174016893 0.110324506126344 0.0527580474317074 0.0407742929644883 0.0662159903533757 0.058355976305902 0.0844828512519598 0.105466545596719 0.0732641088217497 0.0685427147895098 0.080322009883821 0.0849514406174421 0.107789576612413 0.119214973375201 0.152291266396642 0.130766313709319 0.105591260232031 0.036176503917668 0.00423362494911998 0.0284361482528038 0.124397625438869 0.0720532961189747 0.0472297730948776 0.204679908649996 0.216298763826489
0.521311027109623 0.512069047689438 0.497312444448471 0.518111494481564 0.530377935767174 0.515170553326607 0.53139896273613 0.572652326822281 0.569967910647392 0.56657054901123 0.578227630257606 0.536413344740868 0.52467632830143 0.505182505846024 0.482004256546497 0.504620494544506 0.547328316569328 0.57832573056221 0.566896516680717 0.52083918184042 0.4747404307127 0.467379302680492 0.464196893870831 0.49171040803194 0.161517905816436 0.135408175736666 0.0868180545046926 0.123090855143964 0.121771355494857 0.139157719165087 0.16184689912945 0.106193289533257 0.148048892430961 0.128686681352556 0.050746063478291 0.0627855990082025 0.0326644742302597 0.0403579884581268 0.0589492008090019 0.0893071709573269 0.0919580793008208 0.126363477669656 0.13107379168272 0.118309601917863 0.145131198316813 0.128176614493132 0.115741060271394 0.0415325232315809 0.135382469708566 0.158675433713943 0.0395899624563754 0.113730602487922 0.255412630289793 0.248153837770224
0.472125244140625 0.483235338330269 0.472780525684357 0.503614400327206 0.526429229974747 0.555126711726189 0.575237789750099 0.596964886784554 0.598082825541496 0.607158690690994 0.587451171875 0.534063220024109 0.525761833786964 0.51415754109621 0.474321976304054 0.48713566660881 0.503787119686604 0.542918667197227 0.536908775568008 0.509357796609402 0.488782592117786 0.457592022418976 0.412381747364998 0.425456173717976 0.312416645884514 0.250559974461794 0.224183022975922 0.19611269235611 0.170019403100014 0.210133042186499 0.158133174106479 0.154150557518005 0.15603013150394 0.0982615595683455 0.0455273447558284 0.0617541018873453 0.0450661584734917 0.0376761745661497 0.0634365230798721 0.0834654105827212 0.0725823316723108 0.0746931983157992 0.0590790404006839 0.121776032447815 0.149868410080671 0.169189465790987 0.19613941013813 0.257252905517817 0.209289326518774 0.224039981514215 0.191141452640295 0.206423873454332 0.25897875353694 0.262357983738184
0.490377049744129 0.49070808082819 0.480644331872463 0.484675216674805 0.49072940915823 0.586580517888069 0.604242491722107 0.593063717484474 0.539561508595943 0.57008342474699 0.543527476787567 0.566806215047836 0.540152149200439 0.506570976376533 0.522335860133171 0.497833227217197 0.493871476352215 0.506111696362495 0.457379006743431 0.391071336567402 0.40499332100153 0.541461289525032 0.504848664551973 0.219992101937532 0.200209892243147 0.177739275693893 0.230772261321545 0.220572867244482 0.215464097708464 0.151968314312398 0.101278221867979 0.10490075994283 0.0630436286795884 0.0340892727952451 0.0439481003023684 0.046290544141084 0.104982166793197 0.0919257892575115 0.041893687332049 0.0344862535968423 0.036183132827282 0.0505792437121272 0.0934118341654539 0.184902718737721 0.21665211468935 0.273309299498796 0.305552313178778 0.31684278100729 0.291793635934591 0.306467881798744 0.281475193053484 0.254625400453806 0.278138600736856 0.217363889142871
0.47530014872551 0.45847822278738 0.422673822939396 0.334985974431038 0.419078287482262 0.484741631150246 0.552992669045925 0.543822767138481 0.471945197880268 0.4176094186306 0.451056751906872 0.55128933340311 0.521437165737152 0.539740071594715 0.518170984089375 0.509687281250954 0.456832287609577 0.422767995297909 0.41364258646965 0.392589348852634 0.462931677699089 0.69331671833992 0.716536116451025 0.515999192744493 0.219282438233495 0.163988865166903 0.189151318743825 0.189727407544851 0.167774626463652 0.0921100776642561 0.0755710616707802 0.0488873495766893 0.00806235557829496 0.00952026421844494 0.0134969430032652 0.017385009228019 0.102818439751863 0.0407548696920276 0.0181309873238206 0.0222931982390583 0.0552622636221349 0.181570545583963 0.294963767118752 0.242884933650494 0.212027745693922 0.288469079881907 0.34796761661768 0.30784617960453 0.329704515039921 0.358871233761311 0.361325597763062 0.36933654487133 0.272075687348843 0.143874119222164
0.421175771951675 0.402048420906067 0.418054282665253 0.407055887579918 0.369740058481693 0.412012606859207 0.494756188988686 0.443679003417492 0.461119540035725 0.36828611344099 0.343355002999306 0.465349674224854 0.452624134719372 0.493505132198334 0.49567025154829 0.493533259630203 0.463419000804424 0.411086983978748 0.346318086981773 0.425161717832088 0.545481517910957 0.702064582705498 0.719766294956207 0.677898734807968 0.429816902801394 0.14581904746592 0.0956091322004795 0.16221140101552 0.160950814932585 0.0690314127132297 0.0108244864211883 0.00295563866238808 0.00109876417263877 0.0038332299751346 0.00763342817663215 0.0336933529470116 0.032638147030957 0.0163615256198682 0.0244228944065981 0.0254516407527262 0.0751120064087445 0.252662800252438 0.388179787248373 0.31757992208004 0.16102880332619 0.0664510873612016 0.16379562728107 0.389343544840813 0.233158652856946 0.133507969230413 0.21923884563148 0.177243782579899 0.0707326736301184 0.106019346043468
0.317894139289856 0.342163253426552 0.408786348998547 0.402844721376896 0.372592078149319 0.390957970917225 0.412618385255337 0.397166539132595 0.436966454982758 0.409032163023949 0.40811706662178 0.455498567223549 0.437279479950666 0.423868630379438 0.511748231947422 0.538113587498665 0.493011547327042 0.428037923574448 0.387676269412041 0.403080222010612 0.559068885445595 0.664067603051662 0.565810235142708 0.613013362884521 0.551030358076096 0.223513988628984 0.0427859619259834 0.0497959800995886 0.0229388085729443 0.0124023953569122 0.00867856936412863 0.00122134355566232 0.00107438755803742 0.00436777373048244 0.0234828502743039 0.00741615570987051 0.00271969867113512 0.00436979440433788 0.0224725765525363 0.0135466384916799 0.0451502117264317 0.102162407524884 0.143649037247524 0.101780366003513 0.083727743010968 0.00526933292625472 0.0178396112355404 0.0665539572946727 0.0490791761927539 0.0426001608310617 0.0323284889120259 0.0498870271304622 0.0857338187098503 0.0545540625229478
0.1734282566607 0.315145052522421 0.398718026280403 0.452387273013592 0.427698294520378 0.390900041162968 0.349058698415756 0.399482162296772 0.395799823105335 0.476751652359962 0.443976983428001 0.470170652866364 0.405374228209257 0.353226712495089 0.455130925774574 0.447848771810532 0.433007513284683 0.433481530845165 0.435398664474487 0.399295382201672 0.516651830077171 0.554073402285576 0.236302098706365 0.15156379006803 0.240409703850746 0.201651812568307 0.120384978502989 0.0499648958258331 0.0203236492280848 0.00965466023189947 0.0112328459369019 0.00817839069291949 0.0638433585816529 0.107777437854093 0.0252227067724743 0.000547246085261577 0.000196601153438678 0.000795421398215694 0.00468358029902447 0.0103113453369588 0.0264333360246383 0.0376274183392525 0.0421325009502471 0.00871490531018935 0.0249847355880775 0.00643374221006525 0.00451390900765546 0.0119336622872652 0.0031240826006615 0.000846475691178057 0.000690171943278983 0.0107467638049275 0.0148433962487616 0.0181409567128867
0.244723670184612 0.216197098791599 0.452000707387924 0.402439311146736 0.354188567399979 0.356462232768536 0.299756616353989 0.312665787339211 0.312946129590273 0.423375142365694 0.444861060380936 0.4533371925354 0.446234102547169 0.420064082741737 0.409993328154087 0.438841600716114 0.456265944242477 0.455172643065453 0.455409087240696 0.524603553116322 0.64063772559166 0.539712271094322 0.314755567908287 0.123568817973137 0.0977305101230741 0.157962164655328 0.223061822354794 0.155776222795248 0.0875589327886701 0.0664473650977015 0.0181888156104833 0.0388286366593093 0.0902418484911323 0.0386612137430348 0.00296694923817995 0.00208216216924484 0.00127035778496065 0.000797045300714672 0.000166929574537053 8.00465745662109e-14 0.00112391701404704 0.00529284914955497 0.0263674858491868 0.0777970919909421 0.0658865430159494 0.00422173487695545 0.00119046079216787 0.000116536451059801 8.06054191343719e-05 4.2530574137345e-05 0.000350595816598798 0.00921545684104785 0.0509101378615014 0.102890338283032
0.201429103203118 0.226227584220469 0.321104815974832 0.320717555731535 0.279058139175177 0.297682993113995 0.320600588470697 0.331840845346451 0.336292349547148 0.308057189136744 0.420313300490379 0.446909129619598 0.417577581107616 0.404627876579762 0.405375772714615 0.368844324797392 0.399445371478796 0.426276931166649 0.359992265105248 0.254645859971643 0.314347879961133 0.211639405451715 0.191744624599814 0.0486208589747548 0.0716929553449154 0.0524297095090151 0.14564332999289 0.161724927127361 0.10723758533597 0.107123181596398 0.136159355677664 0.199378080200404 0.13474134337157 0.012378821154125 0.0027722146792803 0.00183347460879304 0.00262943454821652 0.00331952258537058 0.000190082907688192 7.67678620992251e-05 0.000211885239223193 0.00488620329124387 0.00952914907597005 0.0377352111320943 0.0101976777077653 0.000821235019284359 0.000129202788957628 0.00012199520929812 3.63469878823253e-05 0.00327881427323518 0.000725829067414452 0.00674211801349884 0.015274488395371 0.056945512467064
0.0536345906555653 0.0713405837863684 0.0748028358444572 0.178159217052162 0.219105497002602 0.22611391171813 0.297256311029196 0.324153916239738 0.409822908043861 0.317960915267468 0.309388000667095 0.397995589673519 0.393718079328537 0.392574836909771 0.309426452219486 0.102206261176616 0.201677385829389 0.274431988515425 0.125828799514566 0.138130937255919 0.158343944279477 0.0671116850362159 0.0866032863268629 0.0389050142141059 0.145996031556278 0.0529122496116906 0.0537374550942332 0.0434422321151942 0.0448968385811895 0.0895618796814233 0.172156638354063 0.129449074622244 0.0628794710151851 0.0180387427308597 0.000596690732636489 1.50008738273757e-05 0.00344854014809243 0.00526065480276884 0.000214487595803803 7.39865535433637e-05 0.000109217289718799 0.00306100697198417 0.00346527786634397 0.00343152389526949 0.0031306539553043 0.00125723136588931 0.000193973774767582 0.00017820641529056 1.55020252634715e-05 0.00540034261968696 0.000317154580262086 0.00044636115875619 0.000591482794407057 0.00124657983833458
0.223182468116283 0.126164687797427 0.0950464699417353 0.149366369098425 0.234575602412224 0.199647458270192 0.233051576092839 0.251766153424978 0.28189055249095 0.221239172667265 0.307977543026209 0.357482261955738 0.338731111586094 0.222435380518436 0.15432264469564 0.0226861613686197 0.0419592120568268 0.0397021321696229 0.0236172565375455 0.0157845638226718 0.0257777848746628 0.012349008815363 0.00943680878262967 0.031818967894651 0.176629242580384 0.0792737232986838 0.0637396222446114 0.0346187321934849 0.00548726873239502 0.00964415923226625 0.0696525969309732 0.0150334662408568 0.0143629858503118 0.0125329731614329 0.00227886202427137 4.11926161081619e-10 0.000142464605232817 0.000263352858019062 1.29938225654777e-05 7.06653941961122e-05 2.02875802642666e-05 0.000258742136793444 0.00200742998786154 0.00116383683416643 0.000327371023558953 0.000218672404844256 0.000946778481011279 0.00115439179353416 4.79061441843246e-08 0.000141064776619335 0.000840492917632538 9.0934882058491e-05 0.000397276511473876 0.00240162898717244
0.378544058054686 0.27979264870286 0.182750035077333 0.211045193076134 0.215799843370914 0.113273127749562 0.225678129717708 0.205697804391384 0.260723634064198 0.370248850733042 0.355659233778715 0.378146268427372 0.270187640339136 0.0655481456592679 0.0301634417846799 0.0150971403723815 0.00893754262535367 0.0648173071909696 0.0814685106649995 0.0231231352034956 0.119135657511652 0.151395646138117 0.0540992458444089 0.0312249714450445 0.0736495748336893 0.101653567237081 0.0154092214186676 0.040974326954456 0.0188470880198292 0.00284474865184166 0.00453318105544895 0.00528948749531992 0.0134004825493321 0.00572041038423777 0.002461827781987 0.000190257019297426 0.000616640214211657 0.000113094883636225 2.59876451312359e-06 1.527012220324e-05 0.00034728201571852 0.0106567487273423 0.0072541687307239 0.000587260526954196 0.00431608032140502 0.00896504798449314 0.007799636630225 0.000751915873843245 0.00037100812212208 5.89227367255089e-05 0.00105490246645565 0.000218012871590674 7.07822579366667e-05 0.000658640392976484
