All_rasters_2/Croplands.asc
NCOLS 176 
NROWS 173 
XLLCORNER -17.5416666666667 
YLLCORNER -34.7083333333334 
CELLSIZE 0.416666666666667 
NODATA_value -9999 
[rows 96 to 119 of 173, columns 54 to 107 of 176]
-9999 -9999 -9999 -9999 -9999 -9999 -9999 -9999 -9999 -9999 -9999 -9999 0.0140773215861028 0.044107689075172 0.0845819923561066 0.101259317882359 0.0937571993935853 0.0125773710897192 0.0105216058308724 0.00143938647976029 0.000711397254053736 0.00842158680752618 0.0102312297187746 0.00636538576800376 0.0170917273452505 0.0179758235160261 0.0177688155788928 0.0176800858229399 0.035049390271306 0.0310700437985361 0.0405434818193316 0.0410236238501966 0.0479382728692144 0.0157237410677772 0.00381806132078054 0.0140616919961758 0.00391345139191344 0.00180710021841606 2.7611823536568e-17 0.000479911565780649 0.0107211898942478 0.00863788563292473 0.0117888110596687 0.0153809372568503 0.0338223099970492 0.0267525001667673 0.0111202461621724 0.0173505250480957 0.0163226779783145 0.0320848963223398 0.111661084555089 0.0442546619288623 0.0701579837501049 0.0749444690416567
-9999 -9999 -9999 -9999 -9999 -9999 -9999 -9999 -9999 -9999 -9999 -9999 -9999 0.0119257169377912 0.0519539580127457 0.106182525237091 0.120219824276865 0.0323783468920738 0.0105001451290264 0.00233124971882717 0.000959975528530777 0.0109322661373881 0.0309335759840906 0.0188374065328389 0.0109134354162961 0.0167873540893197 0.0257879022974521 0.0266785048879683 0.0195447302889079 0.0602415939792991 0.0298959731124341 0.0326249561272562 0.0397036359645426 0.0397837054915726 0.0290945914108306 0.00933688489021733 0.0136800681011891 0.00398385847258851 0.0016963288653642 0.00829221155727282 0.0156643293914385 0.020092077087611 0.0139877855079249 0.0343204217031598 0.0838327752426267 0.0867343699559569 0.0676879707723856 0.0413782852701843 0.029978811647743 0.0359369833022356 0.0758919734507799 0.0571283232420683 0.0670280339196324 0.0518212086535641
-9999 -9999 -9999 -9999 -9999 -9999 -9999 -9999 -9999 -9999 -9999 -9999 -9999 -9999 0.001532671050795 0.0165189814277983 0.0550154305528849 0.0349205118138343 0.0186638933994072 0.00759712085162391 0.022097922390094 0.0502051532606129 0.0593292374908924 0.0255235414020717 0.0123704105708748 0.0213675742316991 0.0227645080070943 0.0235963072441518 0.0329170671384782 0.0466664848849177 0.0422155671939254 0.0252526282519102 0.0331805852241814 0.049878607057035 0.0260897501908767 0.00248592942461983 0.00968136028739536 0.00695716444868594 0.00748436849098653 0.0159556591813453 0.0172941509843804 0.0147437208332121 0.013476842911914 0.0328452751133591 0.119865870475769 0.118850410431623 0.0946871370077133 0.0413693613372743 0.0333944149501622 0.0348430380225182 0.0378053798340261 0.075235746037215 0.0562711564265192 0.0498425010897336
-9999 -9999 -9999 -9999 -9999 -9999 -9999 -9999 -9999 -9999 -9999 -9999 -9999 -9999 -9999 0.00378414531355412 0.0162991921091452 0.0210371270775795 0.0292560463724658 0.0297558026760817 0.0462337774224579 0.073863993473351 0.052839478533715 0.0479148000478744 0.0693568947166204 0.0667471624724567 0.0580387600697577 0.0353135011531413 0.0493748985603452 0.062760828435421 0.0639301566779614 0.0744704456627369 0.0982719840481877 0.112883723713458 0.0987305547110736 0.0686556987060612 0.0177350581810606 0.0219384969639941 0.0177171784918755 0.0188916417211294 0.0291717339120805 0.0190326103474945 0.0201309007126838 0.0414801091235131 0.039128835923475 0.055853368142707 0.0941759102232754 0.0578257761895657 0.0369250373356044 0.0206426064670086 0.0581586979329586 0.0848975699208677 0.0787464379705489 0.0665517198853195
-9999 -9999 -9999 -9999 -9999 -9999 -9999 -9999 -9999 -9999 -9999 -9999 -9999 -9999 -9999 -9999 0.0217766516074977 0.0139230317436159 0.0101127195404843 0.0339240011293441 0.0317804547958076 0.0354211351601407 0.0194393019890413 0.0437559545971453 0.0911929955706 0.0761504997499287 0.0354974224464968 0.0371240810723975 0.0582441752776504 0.0885353721678257 0.112594843655825 0.11435486972332 0.138690078631043 0.130296149477363 0.120703547075391 0.0923552541062236 0.0613177945837379 0.076772728189826 0.0385691826231778 0.0559654676355422 0.0561139844357967 0.0199414209928364 0.0300601289607584 0.0122239850345068 0.00155503378118738 0.0076061325489718 0.0383914096280932 0.0340338982641697 0.0610577252693474 0.0231636262498796 0.0321891098283231 0.0632585304789245 0.0643274022266269 0.0561714982613921
-9999 -9999 -9999 -9999 -9999 -9999 -9999 -9999 -9999 -9999 -9999 -9999 -9999 -9999 -9999 -9999 -9999 0.0306827222928405 0.0459214693773538 0.0548812044132501 0.0650105069391429 0.0328186684986576 0.0186952789081261 0.0258622669614851 0.0964233630523086 0.0959650031197816 0.00737116315867752 0.0203178433561698 0.0410216905921698 0.0840515276417136 0.108440547026694 0.0990931835025549 0.0998792387545109 0.112852142006159 0.0723700190335512 0.0900736784562469 0.0437197057157755 0.0357263518124819 0.0346277300734073 0.0806874090898782 0.112529853284359 0.0782244402915239 0.0426534469798207 0.0225852824677713 0.0407298348960467 0.0178021703963168 0.0363555022794753 0.0308155637234449 0.0321551439445466 0.0317866240162402 0.0525038367137313 0.0332335745543242 0.0285794229619205 0.0751163547858596
-9999 -9999 -9999 -9999 -9999 -9999 -9999 -9999 -9999 -9999 -9999 -9999 -9999 -9999 -9999 -9999 -9999 0.0307647839796786 0.0800714603438973 0.0601894027739763 0.0919048070907593 0.0425266487710178 0.0344692196883261 0.0419920265674591 0.0577991847321391 0.0470671197492629 0.0107898177346215 0.0140234647272155 0.0300263031106442 0.0483313143253326 0.0425850927270949 0.0534387092478573 0.0633192332461476 0.0582391029596329 0.0342934679239988 0.0536101390607655 0.0564847765676677 0.0432731527835131 0.0348551210481673 0.0578934451844543 0.0545404000021517 0.0974163856357336 0.0298429651907645 0.0372647216310725 0.0182695306051755 0.0178333688556449 0.0332618026155978 0.0500307949259877 0.0294954272825271 0.0442264672275633 0.0657499144785106 0.0441879426687956 0.0780570890754461 0.125861373357475
-9999 -9999 -9999 -9999 -9999 -9999 -9999 -9999 -9999 -9999 -9999 -9999 -9999 -9999 -9999 -9999 -9999 0.0288468581240843 0.049478882458061 0.0560815052129328 0.0717427944764495 0.0549511299468577 0.0673074497841299 0.0623083058744669 0.0233301034662873 0.00822404227219522 0.0207221993478015 0.0359564227284864 0.0209415478166193 0.033702983520925 0.0239386133849621 0.0462572746910155 0.0361894452944398 0.0394528632983565 0.0508621645160019 0.0294081494212151 0.0366236937232316 0.0396634067408741 0.0315292603336275 0.0248447126708925 0.0406774689443409 0.108927326276898 0.102872135862708 0.0975348684936762 0.0980043318122625 0.0349331288598478 0.0164834338705987 0.0299702412448823 0.0333062530495226 0.0452652353793383 0.0405964110977948 0.0543094519525766 0.0468370393849909 0.0425042454153299
-9999 -9999 -9999 -9999 -9999 -9999 -9999 -9999 -9999 -9999 -9999 -9999 -9999 -9999 -9999 -9999 -9999 -9999 0.0345397576596588 0.0412226909771562 0.0586402246728539 0.102876372151077 0.140639678090811 0.0953242972493172 0.0291594668384641 0.0154986593127251 0.0294065680354834 0.0663346984609962 0.0322943933680654 0.0245169092901051 0.0189851653529331 0.0313476178003475 0.0275490385480225 0.0310339771583676 0.0411004420556128 0.0268009819090366 0.0368069119006395 0.0515953874029219 0.0542292856611311 0.0661439383029938 0.0669420710206032 0.091417395696044 0.118817945346236 0.125720475167036 0.123900945112109 0.102823319034651 0.0319970384333283 0.0433475627563894 0.0497292374074459 0.0353383946046233 0.0401455322280526 0.0295222240872681 0.051458548232913 0.0240115787833929
-9999 -9999 -9999 -9999 -9999 -9999 -9999 -9999 -9999 -9999 -9999 -9999 -9999 -9999 -9999 -9999 -9999 -9999 0.0312587729499986 0.0474295458383858 0.0865475207567215 0.0898287144303322 0.117543262988329 0.0969200871884823 0.0265013249032199 0.0144951701723039 0.030708565749228 0.0213199441181496 0.0258067264175043 0.0295264958869666 0.0224251001747325 0.0109808918135241 0.0153456622734666 0.0223633578792214 0.0137141346046701 0.00863648478407413 0.0165574611909688 0.0413353233318776 0.067920589260757 0.0557387790083885 0.0440055479668081 0.0444949019234627 0.0779255507793278 0.0732056668587029 0.123538985475898 0.119963302984834 0.0672322621941567 0.0322306293062866 0.0563590185157955 0.0456646259501576 0.0506405415013432 0.0270562133472413 0.0351639480236918 0.00976056144572795
-9999 -9999 -9999 -9999 -9999 -9999 -9999 -9999 -9999 -9999 -9999 -9999 -9999 -9999 -9999 -9999 -9999 -9999 -9999 0.0304997405968606 0.113176856189966 0.0726682145148516 0.0696869406849146 0.0722559979185462 0.0192840861389413 0.00842330572195351 0.0109790746355429 0.00910370112396777 0.0113280623685569 0.0246636044466868 0.0226061202585697 0.00989613351412117 0.0103898900561035 0.0179715326987207 0.0157094340072945 0.0079339366639033 0.0152316253632307 0.0146923988126218 0.0376510261557996 0.0255219691433012 0.0328269073739648 0.0188859098125249 0.0133067508228123 0.0144699263415532 0.079883549362421 0.0718912227079272 0.0446647753939033 0.0378548768348992 0.0330618907697499 0.0509237403050065 0.0505522238090634 0.0184062477666885 0.0309437575284392 0.0292644961737096
-9999 -9999 -9999 -9999 -9999 -9999 -9999 -9999 -9999 -9999 -9999 -9999 -9999 -9999 -9999 -9999 -9999 -9999 -9999 0.0117731129478974 0.0367442949209362 0.0886350266449153 0.0724068361520767 0.0746552417054772 0.0264472925057635 0.0026322902191896 0.00346558795426972 0.0100121440109797 0.0355387944867834 0.0123062443220988 0.00355953127145767 0.00463416135171428 0.00681777918944135 0.0249219418689609 0.0170947896502912 0.00843313776422292 0.0131933378521353 0.00831411512568593 0.013571687345393 0.0142704528477043 0.0185111015010625 0.0135614687111229 0.0186411192780361 0.00722577336768154 0.0487723991274834 0.0687114930897951 0.0440238451585174 0.019137053983286 0.0226600548718125 0.0810505054332316 0.0338927455246449 0.0187582815438509 0.0499219442717731 0.0475106158293784
-9999 -9999 -9999 -9999 -9999 -9999 -9999 -9999 -9999 -9999 -9999 -9999 -9999 -9999 -9999 -9999 -9999 -9999 -9999 0.0128171763465028 0.0147067485377192 0.0870498027745634 0.0820037459209561 0.0553977336734533 0.0304997265059501 0.00347938107210211 0.00172233048360795 0.00480489968205802 0.017439300767146 0.0131151273148134 0.00431919991504401 0.00367382052500034 0.00673587190831313 0.0155747912591323 0.0123813451523893 0.0102408498991281 0.0142977865878493 0.00521856720093638 0.00391624646726996 0.0119874982396141 0.00828103749547154 0.00861282751429826 0.0218180619471241 0.0254211477201898 0.0677089439705014 0.0307135919295251 0.0426407534815371 0.0323440083768219 0.0277555324230343 0.0292685041856021 0.0134342439007014 0.0450381415896118 0.0810851745307446 0.030439621466212
-9999 -9999 -9999 -9999 -9999 -9999 -9999 -9999 -9999 -9999 -9999 -9999 -9999 -9999 -9999 -9999 -9999 -9999 -9999 -9999 0.0225445523392409 0.0704411882441491 0.102749865315855 0.048819693736732 0.018472020002082 0.00563636291772127 0.00292528790305369 0.00604208553559147 0.0104836835991591 0.00601124542299658 0.0109177357750013 0.00193000926665263 0.00233463914628373 0.00285715903155506 0.00555833124089986 0.0109240947058424 0.025584418233484 0.0132739751366898 0.00318140821764246 0.00982030372833833 0.00995903032599017 0.0152657443541102 0.0397713697864674 0.0135512032895349 0.0244649315718561 0.0137755786534399 0.0190287416800857 0.0519455471076071 0.0222649264149368 0.0151495827827603 0.0152796867769212 0.0313242206932045 0.0300696094171144 0.0119651907734806
-9999 -9999 -9999 -9999 -9999 -9999 -9999 -9999 -9999 -9999 -9999 -9999 -9999 -9999 -9999 -9999 -9999 -9999 -9999 -9999 0.0517717434093356 0.0872552175074816 0.0945512369275093 0.0473445983603597 0.0171649146731943 0.00725961984600872 0.00917998483637348 0.0072080231201835 0.0228807203657925 0.0158449973445386 0.00879743654746562 0.00766760372789577 0.00723925919737667 0.00279761283978587 0.00674119691830128 0.00704321686644107 0.0128115115500987 0.00798293891828507 0.00609252402791753 0.0143972085625865 0.00742145776981488 0.00641954647144303 0.0130867460626177 0.00728325777454302 0.007266726763919 0.01844830468297 0.0100911611691117 0.0186884115450084 0.0364144215546548 0.039136497490108 0.0319185180327622 0.00198297950300913 0.00207939038107726 0.000519222611728765
-9999 -9999 -9999 -9999 -9999 -9999 -9999 -9999 -9999 -9999 -9999 -9999 -9999 -9999 -9999 -9999 -9999 -9999 -9999 0.066931171309469 0.0795372731634416 0.0618719379766844 0.115054969862103 0.0704188622534275 0.0303948103636503 0.0182233479339629 0.0298828772269189 0.0119618652854115 0.0170690378732979 0.0208086156751961 0.00707665578229353 0.00731100290315226 0.00218104821906309 0.000393263780861162 0.00569007586527732 0.0116657319711521 0.0110573801863939 0.0109033058397472 0.0177213853225112 0.0225705282436684 0.00484351615188643 0.00266641768394038 0.0281295522581786 0.0131446908088401 0.0229355887975544 0.020784064149484 0.00756300495006144 0.0123666826169938 0.0353851763671264 0.0273376402398571 0.0216801407252206 0.000385842037503618 0.00016194706712669 0.00423930275610473
-9999 -9999 -9999 -9999 -9999 -9999 -9999 -9999 -9999 -9999 -9999 -9999 -9999 -9999 -9999 -9999 -9999 -9999 -9999 0.00511104629094916 0.00148436750168912 0.0258798749156995 0.0673175077885389 0.101041002199054 0.054138540988788 0.0141637140302919 0.0148493447923101 0.0165359873790294 0.00636919066309929 0.0123262393753976 0.00879091982496902 0.00567757432581857 0.00417304461734602 0.00103930384721025 0.00235639520178665 0.0108846221119165 0.0125204509822652 0.0162140917498618 0.0174092366360128 0.0216650612652302 0.0108592486823909 0.00301829665841069 0.0283050115540391 0.0359533595386893 0.0332045073155314 0.0525517053902149 0.00987923131324351 0.0133942515531089 0.00460559988277964 0.0140235550468788 0.0234533603943419 0.000709230819484219 9.68750500761226e-06 0.00286592588781787
-9999 -9999 -9999 -9999 -9999 -9999 -9999 -9999 -9999 -9999 -9999 -9999 -9999 -9999 -9999 -9999 -9999 -9999 -9999 -9999 0.00137578306021169 0.0199985853669932 0.0513822514563799 0.107627323456109 0.0178261271223892 0.0015681338709328 0.00127271926994581 0.0041975619205914 0.00242634095484391 0.00393109832657501 0.0104800571361557 0.00727744407486171 0.00898162587545812 0.00399909200743423 0.00146080811289721 0.00544248219812289 0.0103388107684441 0.0128599040955305 0.0102673780173063 0.00821018163114786 0.00311309766722843 0.0191002043749904 0.0240740694681881 0.0374059817870147 0.0101639957982115 0.0146728757176606 0.00595534064806998 0.00441380491247401 0.00365120597998612 0.00543249688926153 0.0116002605005633 0.0150478923076298 0.00668815898476168 0.00311367528047413
-9999 -9999 -9999 -9999 -9999 -9999 -9999 -9999 -9999 -9999 -9999 -9999 -9999 -9999 -9999 -9999 -9999 -9999 -9999 -9999 0.0124142730383028 0.0464386186166666 0.0645240081846714 0.0572395162424073 0.00521038807462901 0.000739777021553891 0.000587652409194561 0.00154959441904793 0.00271087595028803 0.003750456252601 0.00320370985893533 0.00187200639862567 0.00376478765974753 0.000663772754051024 0.00208084274825524 0.00785985627444461 0.00964778651250526 0.0118075360637158 0.00739108044654131 0.0035311133263167 0.00140223500668071 0.0414352706167847 0.0433359005488455 0.0385714102652855 0.0455557462526485 0.0109102878429985 0.0103877423889935 0.00346652882872149 0.0215642356139142 0.02185517753358 0.0195121137890965 0.0324764896091074 0.0225865304423496 0.0121848886250518
-9999 -9999 -9999 -9999 -9999 -9999 -9999 -9999 -9999 -9999 -9999 -9999 -9999 -9999 -9999 -9999 -9999 -9999 -9999 -9999 -9999 0.0437647641330841 0.0554094961844385 0.0223577087162994 0.00344181609107181 0.000869279284961522 0.00146692002454074 0.0012078940475476 0.00293350607389584 0.00319422461325303 0.00480118063278496 0.00116751966706943 0.000750861814594828 0.000198467046720907 0.00530576553137507 0.00626930844737217 0.0112654883996584 0.00726544134085998 0.00620619556866586 0.0034717132570222 0.001753170293523 0.0572441123658791 0.0554793337825686 0.035387584939599 0.00755482184467837 0.00336299794726074 0.0108749379985966 0.00625498173758388 0.0394384701736271 0.0808526193723083 0.0298425476066768 0.0729319154284895 0.0948337968438864 0.0331960134208202
-9999 -9999 -9999 -9999 -9999 -9999 -9999 -9999 -9999 -9999 -9999 -9999 -9999 -9999 -9999 -9999 -9999 -9999 -9999 -9999 -9999 0.029098275000841 0.0298076614132151 0.0121579550090246 0.00917226835619658 0.000914145649876446 0.00210283935448388 0.00349946932663443 0.00541774159763008 0.00258488988038152 0.00256146012223326 0.00062603308368125 0.000293663163756719 0.000630820910737384 0.00357711001299322 0.00340297226794064 0.00354515776969492 0.00403387083439156 0.00386756169609725 0.0048672233207617 0.00454939301242121 0.0272957944427617 0.0158017556498817 0.0121926694329886 0.00157278468250297 0.00490236672456376 0.012200391406659 0.00435030982844182 0.00452580316370586 0.0086261918238597 0.00379429235763382 0.0182260844996199 0.0565652459859848 0.0262186116306111
-9999 -9999 -9999 -9999 -9999 -9999 -9999 -9999 -9999 -9999 -9999 -9999 -9999 -9999 -9999 -9999 -9999 -9999 -9999 -9999 -9999 0.0298543425897757 0.0221213434217498 0.00809155280003324 0.00985087963053957 0.00423020435264334 0.00664257407188415 0.0136555368173867 0.0276698628952727 0.00936194180976599 0.00462195633095689 0.00212776529559051 0.000807573693600716 0.00149787849222776 0.000913206414843444 0.00440748360706493 0.00471464804373682 0.00435127830016427 0.00351707040933889 0.000503992298577034 0.000729261627420784 0.00186653950368054 0.0013429026697122 0.000805059968988644 0.000864659833314363 0.00221675830689492 0.00642432832682971 0.00639789061679039 0.00431158950319514 0.00117313440263388 0.00195064675172034 0.0166215848611319 0.0105137058766559 0.066960948612541
-9999 -9999 -9999 -9999 -9999 -9999 -9999 -9999 -9999 -9999 -9999 -9999 -9999 -9999 -9999 -9999 -9999 -9999 -9999 -9999 -9999 0.0410009337295043 0.0213158512953669 0.00862330774543807 0.00923651367193088 0.00976126152090728 0.0147454729303718 0.0178819456137717 0.0200359672075138 0.0191009981790558 0.0113594245282002 0.00222262604511343 0.0018024587770924 0.00112383214582223 0.00232294125744374 0.00744103935721796 0.00379872042976785 0.00154704976303037 0.00151054776313231 7.07659908130566e-06 3.64385130524213e-05 0.00085486294437942 0.00404100174491759 0.00178204455296509 0.000363075323548401 0.000342974166414933 0.00185823304345831 0.00122789648594335 0.00164697512227576 0.00297079712327104 0.00117204948764993 0.0162305533143808 0.00598187320865691 0.0397038805531338
-9999 -9999 -9999 -9999 -9999 -9999 -9999 -9999 -9999 -9999 -9999 -9999 -9999 -9999 -9999 -9999 -9999 -9999 -9999 -9999 0.0182010170451745 0.0580465049156919 0.0438390232156962 0.015622597746551 0.0124982813932002 0.024712831703946 0.0214531577657908 0.050659124692902 0.0431050929334015 0.0121027975343168 0.00776822502957657 0.0027788446820341 0.00308305563521571 0.00223405314973206 0.00231404400561587 0.00335867834219243 0.00415765330719296 0.00179560920631047 0.0170677034475375 0.0336010362219531 0.029648884592898 0.00989524202950634 0.00238733017002232 0.000517292564618401 0.000266381670735427 0.000529318037770281 0.00110719121917327 0.000704736151055842 0.00114864218772709 0.00469629794490174 0.016150103934342 0.00526867164066061 0.00422943683486665 0.0110279151893337
