All_rasters_2/Elevation.asc
NCOLS 176 
NROWS 173 
XLLCORNER -17.5416666666667 
YLLCORNER -34.7083333333334 
CELLSIZE 0.416666666666667 
NODATA_value -9999 
[rows 99 to 131 of 173, columns 73 to 145 of 176]
219.24 285.36 342.17 365.72 443.16 446.43 510.45 580.41 575.79 471.11 411.9 403.99 374.13 402.37 404.6 402.86 423.65 459.47 446.33 455.21 468.16 477.66 494.37 503.5 503.63 524.81 546.52 568.05 526.96 531.99 532.78 520.43 566.98 626.19 698.61 800.58 947.05 1478.59 1444.07 891.52 1554.93 1321.59 1202.34 1196.6 1099.71 1143.51 1184.02 1210.28 1174.34 1155.15 1084.04 1171.21 1333.1 1672.64 1649.14 1181.49 1401.9 1316.62 1031.38 865.28 813.08 612.8 388.41 197.75 -9999 -9999 -9999 -9999 -9999 -9999 -9999 -9999 -9999
350.5 348.75 508.37 508.59 466.3 386.99 459.37 651.51 616.45 499.43 449.4 434.21 431.17 420.04 451.02 458.71 458.76 461.87 469.69 472.71 505.54 517.56 511.22 547.29 517.71 550.46 570.09 578.36 570.94 558.39 562.22 534.31 541.87 604.06 637.86 699.85 728.66 1008.46 1268.94 813.32 1176.51 1329.03 1164.37 1174.06 1084.96 1104.85 1158.9 1198.18 1218.47 1219.64 1093.51 1322.84 1507.46 1656.15 1593.52 1223.93 1199.75 1199.41 1171.5 769.77 903.38 666.11 235.12 85.955223880597 -9999 -9999 -9999 -9999 -9999 -9999 -9999 -9999 -9999
367.36 492.08 368.5 384.28 513.97 522.57 530.42 700.04 650.59 548.11 503.37 459.11 526.9 501.11 477.19 574.21 505.3 496.86 545.37 507.1 506.92 541.56 525.69 568.21 551.33 539.88 579.85 603.8 617.82 597.71 596.99 557.04 573.26 598.09 629.14 751.28 856.98 803.9 1373.3 -9999 907.37 1114.63 1120 1090.93 1079.6 1101.17 1145.39 1180.59 1228.82 1207.17 1077.16 1248.34 1516.66 1426.76 1390.03 1403.44 1234.71 1126.08 1041.13 805.71 660.8 854.57 195.457446808511 -9999 -9999 -9999 -9999 -9999 -9999 -9999 -9999 -9999 -9999
287.25 354.06 292.92 405.04 525.56 606.41 694.51 765.77 653.72 659.33 662.91 649.21 679.76 565.32 575.84 682.79 622.13 534.22 580.79 517.79 513.22 517.53 545.36 586.76 596.1 561.16 597.55 645.57 673.63 625.35 620.37 597.05 632.98 661.65 638.88 787.72 862.48 911.06 1198.18 938.9 839.23 1203.82 1263.12 1153.81 1084.81 1089.65 1123.49 1153.96 1216.9 1203.37 1191.6 1259.21 1410.35 1241.61 1182 1285.25 1425.8 1255.37 1228.16 898.8 619.36 360.73 120.45 -9999 -9999 -9999 -9999 -9999 -9999 -9999 -9999 -9999 -9999
147.28 255.87 321.02 437.45 505.09 703.79 812.73 682.34 552.87 716.7 727.65 755.46 784.82 752.47 735.96 741.06 675.44 561.08 561.26 564.09 596.57 610.72 570.47 631.62 638.65 595.74 648.05 727.64 696.18 687.84 666.58 665.76 652.37 600.92 618.99 687.74 732.89 920.17 1054.85 895.5 808.46 1137.18 1427.56 1215.06 1103.47 1096.41 1094.01 1128.76 1204.75 1286.28 1334.88 1339.76 1280.6 958.56 1067.22 1234.54 1254.25 1301.49 1105.1 726.2 537.16 283.59 -9999 -9999 -9999 -9999 -9999 -9999 -9999 -9999 -9999 -9999 -9999
130.28 286.9 350.17 511.76 710.97 849.45 774.9 669.17 603.13 656.41 763.99 840.28 875.19 850.44 828.55 749.38 610.63 617.75 560.87 611.8 644.72 672.65 660.22 712.4 706.18 639.46 658.14 777.88 760.32 766.45 751.22 736.96 695.89 589.2 605.46 665.09 785.45 917.12 1147.04 874.04 1009.41 1275.88 1441.73 1216.7 1182.89 1130.96 1098.24 1111.59 1167.75 1313.01 1461.22 1334.72 1203.7 924.53 1048.61 1058.08 1080.68 1259.17 914.45 555.74 370.81 209.93 -9999 -9999 -9999 -9999 -9999 -9999 -9999 -9999 -9999 -9999 -9999
167.07 368.5 436.08 557.53 669.65 946.19 864.24 854.32 816.9 633.2 791.38 869.51 944.56 928.27 905.15 815.19 695.89 694.2 613.48 589.42 654.52 742.7 762.57 798.28 807.6 705.29 663.46 693.98 800.39 873.54 899.47 872.88 667.97 608.95 633.46 707.38 756.37 949.91 1183.81 1155.78 789.26 884.06 1119.19 1026.4 1129.22 1234.49 1146.02 1138.53 1177.81 1277.77 1397.2 1286.36 1145.65 1030.45 969.42 969.56 1104.23 1077.52 510.56 450.74 340.88 142.43 78.8095238095238 -9999 -9999 -9999 -9999 -9999 -9999 -9999 -9999 -9999 -9999
135.98 373.18 463.46 534.25 633.38 1015.08 978.71 915.92 736.25 606.02 675.97 773.58 981.04 1007.2 976.38 925.34 819.14 729.08 703.23 670.57 705.41 775.96 810.49 824.12 873.15 838.65 756.13 728.12 838.84 942.63 926.84 947.2 709.41 687.78 615.92 636.77 682.34 860.79 1280.18 1365.45 1097.99 810.06 909.33 1081.94 992.82 1226.16 1125.87 1142.96 1190.45 1256.13 1298.11 1198.73 1099.17 990.29 825.71 823.98 1261.92 888.91 528.98 806.25 215.06 105.62 175.85 61.3116883116883 -9999 -9999 -9999 -9999 -9999 -9999 -9999 -9999 -9999
97.5833333333333 271.71 420.87 541.28 659.61 1063.25 1087.56 911.86 646.9 577.47 591.3 717.57 850.64 1031.37 1043.02 995.84 913.1 796.68 763.68 750.21 771.28 808.49 860.25 847.37 910.9 895.01 858.11 885.66 971.2 941.98 932.33 861.43 768.75 673.73 651.98 674.01 709.6 1000.54 1366.76 1469.37 1780.53 1312.79 875.13 1443.93 1182.76 942.35 1232.7 1260.74 1305.56 1416.71 1376.66 1251.15 1105.29 891.94 948.88 1275.03 972.83 863.98 499.68 368.28 105.16 135 147.92 -9999 -9999 -9999 -9999 -9999 -9999 -9999 -9999 -9999 -9999
50.171875 158.13 402.11 618.97 732.39 998.75 1196.32 1038.53 773.57 643.61 665.93 730.72 778.13 959.81 1097.89 1054.53 995.38 886.23 800.35 794.73 805.84 852.85 915.92 890.28 944.71 959.6 939.22 954.64 1007.44 965.98 805.91 763.83 772.12 648.45 721.33 933.57 848.5 960.21 1148.08 1443.85 1791.61 1331.47 814.31 1476.16 1700.98 1108.46 968.34 1188.04 1380.98 1495.46 1553.44 1273.17 1035.35 1236.85 1594.73 1616.89 1123.96 670.21 301.24 231.3 114.36 61.92 80.39 -9999 -9999 -9999 -9999 -9999 -9999 -9999 -9999 -9999 -9999
-9999 116.618556701031 317.48 542.93 723.15 901.42 1228.71 1154.81 866.54 682.6 735.11 700.31 804.54 1024.88 1138.39 1096.54 1049.12 986.74 898.25 865.66 845.67 878.53 950.31 905.15 972.8 1002.87 991.58 1027.9 1073.65 1069.55 921.46 715.42 613.17 638.97 1042.63 1289.62 1076.65 1086.31 1042.9 1357.91 1234.87 1131.78 893.28 1035.3 1719.4 1663.91 887.11 910.11 1201.92 1389.59 1299.56 1082.8 1228.76 1735.2 1821.32 1276.58 314.34 301.12 269.21 247.02 268.59 162.31 218.28 -9999 -9999 -9999 -9999 -9999 -9999 -9999 -9999 -9999 -9999
-9999 64.6105263157895 161.41 425.6 700.05 877.84 1222.22 1172.8 1005.47 706.28 735.95 712.17 843.14 1026.74 1131.63 1136.86 1070.2 1004.9 905.23 897.68 951.44 939.97 986.46 976.48 1046.04 1050.7 1006.3 1079.8 1099.72 1054.6 954.83 755.86 600.36 1044.18 1534.08 1362.09 1171.08 1106.4 991.89 1133.49 976.71 1044.5 1060.51 1012.83 1584.82 1675.16 1258.22 1094.83 1132.46 1512.64 1157.81 1128.44 1398.4 1620.68 1233.94 443.62 465.9 473.25 302.09 408.32 482.39 240.59 196.67 -9999 -9999 -9999 -9999 -9999 -9999 -9999 -9999 -9999 -9999
53.5375 83.51 89.14 240.11 603.98 844.16 1042.37 1081.75 1122.33 977.83 766.89 735.09 912.02 1023.03 1081.92 1155.65 1089.56 1023.22 977.64 987.07 1017.82 992.13 1045.54 1009.33 1087.74 1085.43 1015.33 1081.3 1080.8 960.53 790.33 621.14 858.61 1228.24 1290.73 1412.27 1333.37 963.34 972.1 1045.02 1135.15 1242.64 1331.99 1430.58 1647.91 1545.03 1427.09 1375.87 1614.04 1802.02 2027.59 1932.35 1714.84 1408.43 729 375.53 698.69 523.85 374 450.62 425.42 297.95 194.01 112.362637362637 -9999 -9999 -9999 -9999 -9999 -9999 -9999 -9999 -9999
71.52 151.49 107.23 116.85 416.87 704.61 981.87 1078.88 1123.53 1160.9 912.91 822.85 911.84 957.56 1058.36 1147.89 1121 1066.26 1042.09 1043.38 1056.84 1038 1068.99 1007.42 1013.59 1031.4 1026.88 1030.74 941.98 856.18 779.17 867.33 1380.45 1099.6 989.45 1551.38 1263.66 931.46 1109.42 1216.23 1320.32 1425.86 1473.04 1464.54 1491.52 1390.16 1262.93 1373.26 1439.47 1327.58 847.39 1831.53 1946.88 1519.21 815.75 709.18 710.37 495.62 470.91 566.98 398.62 375.47 256.4 165.54 -9999 -9999 -9999 -9999 -9999 -9999 -9999 -9999 -9999
-9999 106.474226804124 154.02 189.26 629.44 1033.49 1067.14 1080.53 1085.43 1110.66 1116.17 1040.93 1097.55 955.34 1045.99 1233.87 1193.75 1116.52 1098.79 1082.6 1071.63 1054.22 1036.09 1015.12 940.67 984.95 1038.54 1018.22 940.06 948.95 1035.65 1347.89 1195.91 949.95 918.7 1448.12 1169.98 943.32 1172.51 1262.18 1411.94 1486.47 1458.06 1400.84 1337.42 1255.95 1264.32 1266.38 1164.75 1331.86 611.13 785.64 1534.99 1151.76 936.19 851.12 651.31 601.8 629.45 725.76 440.83 319.89 315.76 353.15 109.96 -9999 -9999 -9999 -9999 -9999 -9999 -9999 -9999
-9999 61.695652173913 74.8 418.22 1055.15 1233.89 1299.3 1267.36 1115.15 1089.86 1102.39 1135.24 1222.49 1116.8 1151.66 1257.87 1268.02 1189.94 1147.23 1105.98 1086.14 1070.18 1028.73 1024.53 986.82 1059.38 1139.87 1134.24 1071.97 1097.92 1388.43 1533.15 1199.18 1051.44 926.93 1440.78 1245.98 985.89 1207.52 1284.78 1344.79 1313.21 1317.03 1289.12 1273.96 1225.95 1274.98 1126.88 1053.07 1481.73 1281.02 536.16 904.8 852.46 914.07 895.31 815.49 713.25 712.32 649.92 438.6 387.82 425.43 376.8 174.05 93.9315068493151 -9999 -9999 -9999 -9999 -9999 -9999 -9999
-9999 -9999 90.84 705.86 1267.14 1311.58 1408.79 1584.91 1264.78 1117.67 1119.7 1118.13 1226.03 1212.5 1210.6 1337.61 1320.64 1249.47 1175.91 1133.14 1100.19 1083.99 1069.26 1090.59 1090.36 1141.8 1188.24 1242.41 1204.92 1301.46 1376.86 1393.88 1323.63 1190.36 1091.85 1203.74 1200.54 1065.91 1222.08 1245.95 1193.62 1211.87 1215.74 1229.21 1273.68 1343.11 1268.01 915.28 891.23 1366.99 1711.11 -9999 940.96 1052.85 1002.03 860.73 851.14 753.64 588.73 500.19 417.9 358.58 391.81 503.46 230.43 110.03 -9999 -9999 -9999 -9999 -9999 -9999 -9999
-9999 -9999 149.952380952381 847.79 1360.38 1374.18 1558.18 1696.02 1517.57 1333.29 1348.56 1170.05 1236.67 1295.19 1298.94 1373.7 1319.82 1251.81 1193.4 1139.27 1101.77 1096.23 1109.86 1137.4 1170.49 1187.62 1232.88 1347.85 1345.77 1402.89 1396.87 1461.2 1480.96 1234.76 1241.89 1212.91 1146.79 1110.51 1246.69 1212.96 1170.09 1173.08 1187.06 1254.12 1400.38 1478.11 1169.58 800.46 819.29 1163.5 1287 642.05 847.19 1070.08 760.89 670.77 699.96 664.44 607.68 411.43 299.43 249.48 195.05 297.73 254.76 106.73 -9999 -9999 -9999 -9999 -9999 -9999 -9999
-9999 -9999 253.1 960.43 1394.53 1408.66 1442.36 1674.6 1537.71 1639.75 1475.33 1228.92 1213.86 1306.45 1364.22 1352.58 1334.11 1256.97 1187.19 1127.22 1103.91 1089.76 1095.41 1110.75 1128.18 1152.28 1290.82 1414.84 1420.81 1479.12 1425.18 1438.66 1443.7 1276.97 1325.88 1227.03 1144.34 1159.28 1264.06 1162.12 1172 1168.99 1185.09 1285.09 1443.42 1324.24 874.8 671.06 945.85 1264.89 1226.53 576.37 514.52 950.47 625.53 592.03 549.25 491.65 435.38 362.86 291.53 228.5 315.35 537.79 471.38 112.93 -9999 -9999 -9999 -9999 -9999 -9999 -9999
-9999 -9999 423.88 1094.6 1425.71 1595.02 1526.68 1608.01 1634.33 1706.81 1513.34 1326.51 1363.83 1393.09 1392.23 1370.77 1366.13 1303.26 1183.09 1114.1 1101.53 1086.54 1077.11 1083.65 1148.22 1290.31 1396.03 1355.22 1385.58 1358.94 1356.62 1413.98 1425.66 1363.93 1310.43 1254.32 1205.32 1129.73 1122.7 1160.45 1169.85 1170.21 1202.74 1308.81 1372.46 885.13 645.67 746.98 1078.67 1333.83 1129.68 486.6 530.21 716.1 744.23 649.98 576.3 533.29 448.99 433.4 301.42 279.48 382.04 309.08 273.6 142.9 -9999 -9999 -9999 -9999 -9999 -9999 -9999
-9999 144.448717948718 745.51 1228.3 1496.49 1711.21 1614.02 1620.82 1729.63 1707.17 1468.42 1351.6 1393.22 1427.03 1404.09 1355.34 1320.39 1294.74 1222.78 1132.07 1111.71 1091.48 1079.73 1091.75 1179.6 1316.39 1331.8 1287.83 1252.67 1208.42 1256.77 1328.58 1300.3 1307.66 1311.63 1306.45 1294.02 1227.93 1192.49 1190.9 1182.03 1197.66 1277.7 1425.33 1172.67 638.44 606.34 857.02 1132.8 1293.19 942.97 481.83 586.43 869.61 949.38 842.51 702.72 556.99 425.99 367.68 324.28 361.85 377.08 329.82 285.53 157.77 -9999 -9999 -9999 -9999 -9999 -9999 -9999
166.220588235294 445.77 779.41 1019.48 1439.23 1619.37 1717.69 1721.25 1694.84 1635.42 1424.78 1395.53 1436.93 1459.37 1423 1410.48 1366.34 1321.74 1244.73 1169.74 1126.49 1103.65 1088.53 1104.38 1188.36 1199.64 1194.75 1186.75 1154.46 1172.6 1232.8 1286.76 1251.28 1259.97 1257.14 1262.24 1246.68 1273.12 1272.27 1236.18 1271.07 1282.24 1433.01 1504.55 938.89 580.33 665 968.4 1103.02 1073.6 953.5 509.23 632.74 1179.26 1110.25 964.32 660.48 490.31 452.75 488.59 445.84 426.05 434.2 398.29 319.54 157.61 -9999 -9999 -9999 -9999 -9999 -9999 -9999
494.77 648.82 877.5 1022.97 1391.4 1677.57 1650.67 1668.52 1620.49 1592.4 1437.86 1425.98 1479.94 1436.06 1461.5 1395.93 1362.58 1310.67 1280.62 1203.57 1133.21 1101.15 1084.56 1072.39 1083.5 1122.5 1136.56 1126.88 1158.21 1191.72 1266.51 1315.82 1238.62 1208.82 1187.48 1184.75 1191.98 1235.49 1310.51 1318.67 1414.95 1394.26 1362.19 1211.23 612.5 610.93 732.19 970.47 1067.89 1091.58 1061.36 530 594.85 1082.98 1087.69 778.59 617.28 620.89 644.81 642.28 529.03 527.75 497.19 421.87 320.19 179.43 58.06 -9999 -9999 -9999 -9999 -9999 -9999
778.13 778.13 930.44 1484.36 1635.79 1611.71 1565.72 1643.16 1591.08 1573.71 1512.86 1494.37 1489.61 1413.61 1422.04 1357.49 1325.17 1314.64 1274.02 1221.83 1151.14 1093.27 1073.61 1063.13 1069.11 1095.2 1109.01 1139.73 1165.91 1168.21 1198.08 1236.6 1200.42 1249.74 1168.94 1163.34 1216.03 1267.42 1254.35 1293.91 1385.35 1236.56 802.9 716.49 645.94 766.07 923.31 1121.68 1108.53 1146.66 1180.94 609.64 490.75 853.71 945.53 704.2 670.84 827.7 758.62 588.35 521.16 500.07 412.73 334.79 276.95 225.05 72.54 -9999 -9999 -9999 -9999 -9999 -9999
663.29 849.68 925.23 1477.18 1471.88 1447.59 1443.52 1570.87 1562.17 1534.66 1512.03 1520.08 1492.29 1444.06 1369.58 1329.68 1277.54 1273.33 1261.63 1211.91 1152.47 1086.74 1060.33 1051.47 1050.91 1069.61 1103.98 1147.81 1159.94 1163.83 1137.28 1139.92 1168.97 1240.42 1159.2 1129.83 1159.85 1203.07 1192.5 1223.01 1201.4 751.21 645.76 711.89 923.88 980.32 1031.39 1007.14 1037.1 1173.38 1139.67 1031.6 494.73 681.85 919.07 680.71 704.78 655.27 566.36 504.6 431.13 375.76 343.87 338.84 305.49 203.83 78.8269230769231 -9999 -9999 -9999 -9999 -9999 -9999
711.87 1019.88 1314.16 1427.48 1321.37 1310.2 1405.58 1509.84 1494.92 1476.77 1474.08 1454.25 1464.19 1418.4 1350.11 1303.69 1244.3 1233.65 1228.41 1209.92 1150.67 1079.52 1047.55 1040.96 1036.1 1055.53 1091.33 1151.24 1195.2 1188.73 1177.81 1117.33 1135.05 1173.39 1160.18 1125.06 1145.78 1155.57 1095.4 1072.27 906.28 680.31 635.84 875.11 1018.97 1004.77 862.81 742.91 847.12 1214.23 1223.32 1306.79 716.42 640.48 808.66 663.76 655.67 596.59 543.55 529.54 504.28 447.69 454.73 420.46 333.72 215.68 93.9367088607595 -9999 -9999 -9999 -9999 -9999 -9999
862.52 1681.54 1537.78 1388.93 1309.39 1263.87 1330.71 1411.77 1420.69 1365.16 1390.21 1377.05 1394.77 1366.02 1317.18 1267.5 1240.48 1204.99 1171.3 1162.99 1139.68 1073.52 1041.71 1032.81 1028.38 1056.34 1105.9 1140.88 1165.17 1178.1 1149.31 1113.23 1168.14 1199.66 1217.97 1144.78 1139.96 1114.12 868.38 693.12 728.92 597.22 730.02 944.3 927.28 996.09 827.59 541.39 602.24 959.92 1042.52 1167.83 982.46 587.36 660.4 658.51 638.1 697.18 715.41 685.37 624.59 585.56 497.84 386.34 260 148.86 73.1506849315068 -9999 -9999 -9999 -9999 -9999 -9999
644.37 1378.5 1385.36 1389.42 1260.59 1212.3 1237.02 1294.64 1370.82 1332.6 1301.64 1309.08 1327.08 1298.51 1274 1232.74 1238.4 1213.49 1173.87 1122.74 1091.78 1063.02 1054.91 1045.29 1032.23 1075.21 1086.17 1131.41 1156.36 1182.56 1141.24 1134.08 1130.38 1036.9 1042.87 1022.64 1132.3 1159.12 1088.51 1044.91 753.33 498.96 609.74 711.92 750.08 733.14 582.92 488.77 468.16 585.35 758.1 991.04 758.78 726.98 672.49 693.11 727.3 870.98 942.4 684.16 565.65 496.34 369.6 293.71 188.97 98.7 -9999 -9999 -9999 -9999 -9999 -9999 -9999
516.39 908.35 1295.76 1314.9 1199.03 1162.62 1200.7 1256.83 1290.17 1282.99 1264.26 1238.55 1253.19 1248.86 1226.72 1220.01 1229.93 1209.49 1174.82 1134.44 1082.52 1055.56 1044.53 1039.24 1027.31 1054.3 1083.04 1119.56 1156.42 1185.2 1145.46 1047.42 1011.96 994.5 982.82 999.04 1056.01 1009.4 827.46 591.28 469.89 577.46 385.75 388.6 394.63 413.46 379.13 453.83 367.98 381.49 398.05 554.93 468.07 875.02 864.87 718.58 715.78 626.9 613.85 546.06 413.35 334.28 251.87 163.46 119.08 61.6282051282051 -9999 -9999 -9999 -9999 -9999 -9999 -9999
880.86 1183.86 1219.11 1236.31 1162.2 1140.49 1164.9 1199.09 1201.29 1204.33 1211.34 1197.95 1199.53 1202.64 1192.71 1205.94 1220.47 1190.86 1160.28 1116.22 1076.89 1044.65 1034.97 1027.6 1018.47 1034.04 1067.03 1093.21 1135.5 1166.6 1118.55 1037.43 1082.62 1073.63 1043.64 1091.69 1116.45 737.42 518.42 718.59 743.86 568.4 455.6 413.3 442.77 553.75 551.16 434.92 364.5 268.7 287.32 311.2 190.52 580.92 678.43 537.3 628.62 468.76 392.81 339.33 267.34 220.04 151.68 86.42 44.9574468085106 -9999 -9999 -9999 -9999 -9999 -9999 -9999 -9999
945.35 1122.91 1210.98 1200.87 1129.49 1128.61 1138.12 1140.4 1153.79 1168.54 1184.12 1186.05 1174.97 1183.51 1183.21 1179.85 1191.02 1163.7 1140.4 1097.1 1062.36 1037.99 1022.8 1016.41 1012.83 1017.77 1039.23 1068.57 1107.18 1059.55 1064.09 1082.11 1213.58 1241.8 1187.12 966.81 644.42 521.34 620.18 1028.24 1127.95 1025.42 1017.95 1074.87 959.34 843.34 688.91 518.24 323.82 302.32 253.55 212 184.93 139.35 334.08 404.2 339.61 248.03 227.9 191.8 150.84 105.54 68.18 43.956043956044 -9999 -9999 -9999 -9999 -9999 -9999 -9999 -9999 -9999
972.01 889.7 1032.58 1168.64 1125.67 1120.88 1118.02 1123.46 1139.93 1157.71 1171 1176.31 1162.29 1165.64 1175.77 1156.73 1157.22 1143.46 1116.88 1085.31 1056.05 1030.51 1015.61 1004.61 1005.12 1014.18 1017.41 1043.7 1029.43 983.12 1047.74 1186.97 1260.47 1296.5 1084.88 608.58 544.75 718.38 806.47 1078.84 1200.79 1152.05 1214.84 1317.87 1104.99 890.57 768.71 695.41 512.24 480.54 373.65 212.63 133.33 197.59 227.04 298.25 234.78 164.24 106.79 88.12 66.85 39.1025641025641 -9999 -9999 -9999 -9999 -9999 -9999 -9999 -9999 -9999 -9999 -9999
1300.35 1105.72 1022.56 1101.66 1115.1 1115.51 1109.97 1111.08 1127.08 1147.14 1160.37 1164.59 1155.64 1141.83 1150.71 1146.06 1134.64 1119.98 1111.92 1092.13 1065.5 1036.49 1016.24 1002.5 993.4 1005.04 1017.34 986.47 954.21 953.85 1042.64 1130.45 1177.95 1168.38 689.05 581.03 744.86 725.3 789.69 876.38 1061.46 1203.4 1354.06 1299.13 1159.02 1130.26 1064.16 859.64 717.75 662.82 470.64 301.94 186.21 88.08 279.2 173.57 98.57 60.75 36.5102040816327 19.671875 -9999 -9999 -9999 -9999 -9999 -9999 -9999 -9999 -9999 -9999 -9999 -9999 -9999
