All_rasters_2/Elevation.asc
NCOLS 176 
NROWS 173 
XLLCORNER -17.5416666666667 
YLLCORNER -34.7083333333334 
CELLSIZE 0.416666666666667 
NODATA_value -9999 
[rows 33 to 65 of 173, columns 0 to 72 of 176]
-9999 -9999 -9999 46.0172413793103 115.4 194.13 260.96 259.84 313.46 359.39 319.24 273.77 297.96 306.18 265 240.49 245.01 249.74 240.36 235.11 238.42 273.08 302.74 295.64 310.88 323.75 319.93 310.89 309.72 297.07 299.3 302.22 294.9 289.92 293.14 276.63 236.05 280.64 303.41 309 316.93 325.82 335.97 347.7 358.47 375.47 398.42 430.21 514.22 536.7 585.54 655.86 739.94 861.4 1137.44 1764.28 1966.42 1723.4 1322.04 1090.02 1178.5 1148.22 1012.61 892.94 822.72 784.34 781.65 891.89 1017.66 937.52 846.84 860.92 771.43
-9999 -9999 -9999 64.6770833333333 175.94 214.74 244.49 287.21 290.7 325.42 324.52 295.96 313.52 325.49 273.12 261.68 254.47 258.72 250.43 244.13 258.97 281.49 297.26 291.06 317.39 322.34 311.23 298.19 300.71 290.78 285.1 274.9 288.7 287.27 262.37 286.97 306.62 328.03 315.22 320.64 328.49 336.64 346.08 358.36 371.31 382.64 399.07 460.07 491.28 535.06 579.26 629.68 700.69 877.2 1150.61 1700.74 1540.01 1275.97 1042.77 956.78 1057.44 1160.57 947.87 824.47 764.74 782.39 727.23 776.56 880.89 916.53 907.37 882.13 823.12
-9999 -9999 -9999 118.505050505051 195.78 234.7 255.14 290.55 278.9 295.32 307.26 317.66 338.84 305.19 287.46 288 283.4 279.86 278.72 274.05 271.36 299.02 321.95 321.46 322.61 320.4 317.3 312.03 300.06 278.39 259.68 217.2 192.29 229.02 273.2 253.44 319.13 336.99 327.05 327.97 339.31 344.32 358.52 369.69 382.75 397.95 418.2 460.99 483.12 516.17 555.11 593.41 675.78 850.36 1085.88 1244.79 1169.43 963.31 859.79 844.35 881.28 947.41 830.95 759.06 700.81 722.72 695.05 676.14 699.56 753.97 891.23 883.29 877.32
-9999 -9999 39.6621621621622 127.26 177.86 230.54 228.75 248.24 234.61 261.77 299.58 329.94 302.37 325.86 324.36 332.41 339.42 338.34 332.67 320.18 312.24 317.39 333.14 336.04 326.06 323.51 321.4 320.04 306.8 288.84 281.24 257.22 241.52 218.76 226.24 282.14 345.02 340.89 335.47 343.2 341.96 358.33 361.33 377.24 389.92 405.32 426.79 446.32 472.96 511.4 537.12 573.34 633 725.31 831.2 879.27 880.61 825.27 759.36 747.3 717.49 764.12 762.65 709.97 678.41 654.7 631.29 599.81 596.36 639.41 751.89 812.34 798.28
-9999 13.8787878787879 40.75 107.77 154.22 183.25 198.8 207 228.48 229.3 264.92 320.13 326.01 358.09 373.51 403.8 388.92 395.16 361.03 348.56 345.12 350.66 365.9 363.43 343.16 323.76 310.89 293.89 260.65 273.57 299.53 308.52 302.21 304.74 284.25 322.77 338.26 328.97 312.11 335.88 316.22 353.35 365.98 372.35 397.08 410.68 432.74 452.75 487.72 569.2 556.58 595.04 634.41 675.86 711.92 713.65 713.88 698.04 645.75 626.2 637.95 660.59 694.45 721.1 684.45 609.88 577.45 549.15 537.1 538.06 584.84 735.83 705.41
-9999 10.1298701298701 36.45 104.91 133.28 150.12 159.21 184.71 194.22 197.38 253.66 357.2 353.68 378.85 494.54 497.11 437.22 393.61 376.92 362.88 356.69 361.15 367.29 368.38 352.87 328.82 309.05 288.52 256.93 268.05 278.92 282.12 290.08 304.12 318.85 326.19 315.55 306.96 299.24 333.15 326.74 362.41 386.28 399.52 397.27 416.73 455.36 495.29 538.95 575.3 592.6 626.63 649.1 631.9 646.98 634.61 621.66 621.61 624.19 574.2 600.67 643.32 656.54 710.6 687 593.01 542.63 515.68 496.11 492.06 525.12 643.07 685.35
-9999 2.86046511627907 20.98 75.83 109.59 125.88 148.08 166.06 162.6 180.6 286 371.2 356.26 496.37 438 421.81 399.95 389.55 385.03 375.35 379.58 373.65 372.76 369.31 349.36 332.44 307.98 286.5 280.29 273.45 271.25 273.33 280.04 296.62 308.74 315.05 315.14 305.27 292.75 318.72 327.12 354.71 408.27 419.62 406.8 456.44 513.16 569.27 600.53 586.63 608.62 664.7 608.6 579.31 607.85 580.89 562.18 548.42 532.2 537.98 559.01 599.6 624.52 659.34 661.6 570.55 513.2 489 470.02 460.95 469.24 500.99 557.45
-9999 -9999 5.65384615384615 39.9 80.96 111.09 125.82 140.93 149.58 147.78 283.76 508.26 495.87 421.86 400.95 395.29 387.93 388.25 390.69 393.16 392.83 387.38 377.81 363.91 344.96 326.94 311.45 296.31 285.46 277.15 273.7 275.2 276.22 282.77 296.64 306.44 307.84 310.88 321.7 332.15 342.82 371.11 421.64 423.97 455.5 532.14 594.81 667.88 666.01 670.96 663.27 652.56 566.68 555.26 578.9 542.96 519.14 485.54 499 519.89 590.28 636.41 732.58 758.09 664.33 572.65 499.19 463.3 448.42 440.12 441.84 458.79 472.6
-9999 -9999 -9999 20.65 56.47 84.7 118.28 123.75 118.87 151.69 281.88 443.41 458 352.08 339.73 376.31 380.45 393.56 400.3 398.09 391.79 372.92 366.56 360.49 343.66 324.36 303.6 308.3 301.42 296.94 292.03 288.7 286.7 283.53 285.61 294.03 297.73 307.33 343.17 323.75 357.56 380.56 423.15 412.96 499.01 568.72 640.28 727.66 736.33 649.59 620.58 590.1 538.38 521.77 521.01 489.01 481.11 444.12 461.48 516.02 575.1 695.82 963.54 886.19 697.42 585.85 507.49 453.08 429.89 423.51 426.23 437.22 444.62
-9999 -9999 -9999 18.45 45.06 63.22 80.62 116.27 122.08 111.29 177.77 262.8 289.33 273.62 295.49 343.26 377.47 397.18 399.33 395.32 385.93 377.23 368.9 359.22 345.14 333.42 318.3 319.87 314.95 309.23 303.05 294.3 285.75 279.92 278.01 283.4 286.56 297.79 327.28 309.62 372.13 407.9 409.06 400.5 487.09 602.18 631.65 679.21 660.38 581.54 520.19 498.34 482.03 466.47 449.17 440.37 423.46 421.42 441.89 480.1 535.85 642.16 800.28 842.33 698.91 596.58 512.44 449.84 415.02 409.26 415.21 417.64 427.12
-9999 -9999 -9999 14.2371134020619 20.06 27.02 45.51 70.82 80.71 95.28 94.67 131.74 159.74 198.53 280.19 375.74 411.93 411.24 397.22 385.86 377.7 368.13 358.89 346.32 341.92 333.72 329.1 328.4 320.48 313.49 304.12 292.95 281.07 273.65 268.53 273.06 286.75 305.62 325.69 333.92 371.84 417.41 382.82 381.23 483.14 582.19 606.04 651.6 587.19 516.44 479.5 459.73 434.12 414.07 403.68 392.63 391.33 404.92 411.8 438.25 515.06 622.36 892.29 1016.22 703.81 588.66 506.6 446.92 413.81 400.92 407.21 412.25 422.54
-9999 -9999 -9999 1.0875 0.21 13.51 32.2 43.8 59.29 85.42 95.05 105.49 142.65 237.69 376.43 445.7 457.72 418.03 378.9 376.1 369.57 353.04 347.31 344.42 341.84 339.1 336.52 328.3 319.83 311.98 303.43 293.09 283.35 276.81 273.78 274.55 278.71 295.33 328.81 357.82 401.45 404.56 385.66 366.43 451.13 500.59 541.39 592.28 533.07 477.94 451.83 423.13 398.74 382.61 373.32 370.31 371.22 387.16 396.56 422.62 483.99 620.02 853.71 1096.17 913.72 628.82 496.45 452.57 413.96 402.44 414.3 428.38 429.22
-9999 -9999 -9999 1.67142857142857 5.85 19.72 31.42 40.34 51.36 71.61 94.05 109.34 159.87 333.53 449.1 459.78 372.41 324.37 302.75 291.66 301.91 303.05 311.52 335.98 330.25 327.02 326.85 321.98 315.06 311.72 309.14 301.14 291.13 282.19 277.53 275.22 278.66 299.52 314.02 344.91 373.62 368.37 379.9 347.48 401.81 464.62 493.76 515.24 469.76 442.18 411.22 384.58 376.47 374.9 358.4 355.74 363.65 375.28 387.27 418.8 493.39 617.84 774.13 994.29 844.56 675.23 484.79 442 418.22 414.97 429.73 437.11 443.29
-9999 -9999 -9999 3.87142857142857 16.42 30.95 44.68 53.95 56.68 62.31 90.92 106.55 150.48 336.4 405.23 292.64 246.94 259.6 262.94 255.38 249.05 253.75 254.18 308.13 326.77 314.67 307.91 306.66 305.12 307.2 310.51 304.21 291.44 281.74 278.47 278.45 282.22 295.28 301.37 315.15 333.34 339.79 350.42 332.92 371.3 420.57 451.78 444.91 416.76 391.42 381.37 353.48 354.25 348.75 347.63 352.27 357.66 370.24 385.09 417.93 488.74 622.72 915.3 1097.61 740.3 567.59 488.99 441.43 421.94 413.85 421 428.69 442.38
-9999 -9999 -9999 8.31428571428571 31.19 48.34 53.95 50.62 47.38 60.31 67.92 103.41 206.45 386.97 388.24 223.03 216.87 249.77 235.57 230.23 231.47 229.22 226.49 204.66 271.73 314.56 300.49 292.11 287.93 289.11 295.76 292.6 284.71 278.02 275.83 274.32 279.33 282.72 286.79 296.03 307.63 314.38 317.44 326.81 365.6 400.15 401.41 380.01 365.92 372.72 359.03 346.52 334.71 332.44 349.36 369.03 363.49 369.57 384.04 410.51 474.67 632.38 952.36 951.15 738.31 589.67 494.5 447.07 420.12 408.95 411.05 421.96 437.84
-9999 -9999 -9999 13.9462365591398 38.7 44.57 36.46 42.43 47.23 65.43 86.68 98.15 150.55 306.42 214.28 163.39 215.32 269.36 237.17 210.75 206.23 206.36 223.22 228.6 246.51 313.88 303.84 289.06 280.93 278.07 280.7 281.78 280.31 280.01 273.1 269.32 270.09 270.52 272.09 279.32 289.73 296.23 305.36 311.23 336.95 375.66 378.07 340.65 368.21 392.16 358.97 324.15 324.39 347.17 363.26 378.62 381.86 388.78 412.93 404.32 467.84 594.92 692.84 656.36 606.01 567.46 492.74 444.98 423.36 413.17 407.46 417.05 436.94
-9999 -9999 -9999 12.91 18.94 13.51 17.06 22.88 43.52 70.4 87.37 62.3 97.97 252.08 166.27 155.42 252.49 317.84 240.3 199.95 189.91 202.16 215.03 201.82 275.77 360.31 315.13 289.34 274.95 269.18 269.94 271.06 267.85 284.89 268.78 265.99 266.72 269.87 274.1 298.05 296.98 276.27 279.1 299.03 321.09 342.65 370.46 323.39 384.34 368.31 323.18 321.81 342.06 354.73 377.19 392.37 409.58 443.08 490.33 441.43 439.45 468.93 520.29 525.63 538.89 542.74 471.16 437.72 409.95 416.7 412.5 421.41 432.42
-9999 -9999 -9999 5.73 16.18 30.64 36.71 27.62 25.28 47.32 56.66 45.89 64.44 210.02 150.42 153.54 257.73 212.27 183.13 181.4 197.57 201.73 205.67 205.04 239.93 323.11 311.8 284.55 273.91 275.91 291.92 277.86 278.83 273.77 266.11 268.99 274.47 294.8 297.56 310.01 326.27 289.68 272.81 290.34 309.79 336.58 356.08 325.03 346.81 333.92 310.93 337.55 333.99 359.93 392.68 416.67 441.1 457.32 500.09 504.3 492.69 498.37 501.55 520.85 543.55 498.6 450.16 421.87 405.04 443.25 429.52 419.39 409.54
-9999 -9999 12.4769230769231 19.36 30.01 44.47 50.57 50.81 49.89 39.21 47.92 55.1 74.98 192.03 127.22 204.15 246.16 178.05 169.82 186.83 204.85 224.32 234.63 253.9 267.38 286.65 305.41 296.88 290.19 308.98 290.36 277.02 273.57 266.24 268.7 275.7 294.4 316.46 317.77 310.39 322.34 303.99 281.42 279.01 309.32 315.33 329.4 314.68 303.72 306.55 295.71 316.06 326.51 369.5 405.45 434.11 462.28 478.16 507.45 520.36 514.94 514.63 514.98 520.96 495 460.83 438.15 425.62 405.7 440.19 411.48 390.72 374.88
-9999 -9999 34.5050505050505 44.2 45.12 40.49 42.25 51.05 61.41 67.88 40.18 40.62 69.9 122.76 113.85 215.74 171.1 194.84 203.1 215.03 240.62 263.04 277.52 285.82 273.77 269.44 298.94 309.74 283.79 276.87 267.55 265.13 264.86 271.88 272.02 289.92 303.96 311.56 311.5 300.38 303.08 292.32 281.12 270.08 288.13 300.67 311.88 301.82 283.43 285.86 278.06 300.69 330.7 357.01 441.68 487.84 473.09 466.8 477.61 482.61 490.34 497.53 495.94 485.51 468.55 451.13 441.62 432.4 418.6 396.37 379.26 366.97 357.54
-9999 35.2619047619048 37.13 45.02 52.37 49.09 43.99 45.01 54.59 64.01 74.34 48.81 57.52 77.28 116.42 124.57 135.31 250.47 269.6 279.03 303.05 296.84 288.15 276.41 275.87 283.02 294.19 308.67 282.05 271.42 268.25 264.02 269.05 321.05 373.85 366.62 312.7 295.78 286.81 271.38 267.04 277.13 270.51 265.7 270.55 283.94 285.29 284.2 272.5 276.18 256.96 277.82 308.85 340.74 393.03 442.9 481.72 483.61 438.28 445.2 458.96 463.68 473.39 499.72 480.31 467.54 454.02 434.67 413.14 386.63 369.17 359.58 357.56
16.5633802816901 36.33 21.13 29.43 39.45 46.72 49.02 49.05 53.61 62.41 72.91 87.92 60.26 50.51 78.36 80.29 207.12 294.76 269.12 293.43 282.37 276.76 279.5 286.25 299.47 288.39 283.12 277.89 276.44 272.84 269.3 266.26 289.64 463.17 465.18 297.27 279.11 276.2 277.86 284.33 305.36 285.44 270.29 262.01 242.02 266.65 272.22 275.09 270.34 273.21 250.86 275.49 297.67 317.84 345.76 415.36 477.94 407.86 400.96 417.4 433.01 444.41 475.64 485.57 484.61 476.5 482.63 445.11 399.86 372.93 355.96 347.83 342.35
-9999 10.7820512820513 5.86 18.43 31.09 38.24 45.19 48.91 50.67 55.34 65.01 82.71 77.55 100.77 162.85 113.98 269.83 298.94 258.4 291.6 258.83 296.86 341.33 346.58 342.84 299.12 284.86 281.38 278.34 275.67 271.46 268.66 329.15 400.49 291.26 270.04 297.08 307.5 301.78 310.45 312.79 283.47 278.17 278.53 253.69 239.07 258.79 255.7 259.04 258.53 250.64 278.29 282.51 289.67 306.94 377.55 393.34 383.12 392.91 410.64 430.77 438.61 454.8 472.44 488.37 458.81 461.4 409.71 377.63 360.54 347.97 339.09 332.51
-9999 -9999 10.5454545454545 23.68 27.91 33.72 36.27 44.41 39.99 48.56 60.32 75.05 96.11 112.04 196.12 159.97 214.5 265.58 231.51 261.74 285.96 310.51 384.4 393.29 344.48 316.84 292.89 284.65 280 276.13 272.57 278.67 364.82 306.23 262.4 290.85 333.49 334.45 328.35 311.48 301.28 295.65 292.74 273.08 261.57 230.44 245.95 245.22 246.34 237.88 261.64 271.56 275.19 277.65 292.55 334.87 322.92 334.86 359.03 386.53 407.21 424.73 458.72 461 446.29 408.26 407.08 371.48 355.43 346.51 338.88 332.38 311.29
-9999 -9999 17.0824742268041 19.19 25.74 31.88 36.46 36.08 38.78 44.64 55.42 88.06 116.82 121.28 159.46 221.59 168.76 260.33 265.86 325.7 360.33 352.19 383.68 390.19 342.09 304.61 293.33 286.89 280.37 278.41 280.14 314.24 350.59 263.22 267.67 307.36 330.83 333.97 331.47 318.51 300.62 282.05 275.33 265.74 262.32 252.95 247.81 233.08 238.16 229.78 251.39 252.61 258.88 262.56 284.77 301.12 312.24 331.32 373.06 400.73 442.88 441.65 453.98 418.17 400.25 378.06 364.6 351.57 343.69 338.27 333.81 319.83 303.18
-9999 -9999 15.66 26.94 31.76 37.97 43.74 50.54 52.27 54.77 59.98 100.62 138.97 163.15 143.25 274.24 257.24 278.07 314.86 339.72 406.57 379.09 413.37 363.33 341.7 335.46 308.33 301.47 295.46 296 296.39 343.03 301.04 260.08 277.29 301.13 318.26 316.44 312.32 315.92 310.51 295.32 278.55 268.61 264.62 252.13 239.55 227.84 231.68 221.18 234.02 239.44 251.23 254.88 286.49 291 313.77 356 422.83 455.45 491.87 484.24 460.02 401.15 374.3 360.62 351.47 344.57 339.47 334.93 330.54 320.16 307.45
-9999 -9999 8.83838383838384 18.76 24.88 34.06 45.47 46.74 60.65 78.71 79.34 115.13 165.52 191.91 176.86 240.59 349.72 326.26 369.16 344.97 432.18 467.54 429.43 356.42 346.93 322.02 305.54 321.3 336.96 321.91 344.66 397.53 302.51 269.74 278.18 283.73 300.63 325.43 306.15 295.59 314.05 295.53 285.61 283.93 274.02 268.8 247.02 241.7 216.63 215.43 218.8 232.22 231.54 267.18 287.76 303.52 330.93 398.33 438.75 492.67 533.73 516.54 442.66 391.68 372.63 361.42 353.9 348.72 344.01 341.5 336.16 330.23 310.6
-9999 -9999 8.25 13.3 18 26.14 32.69 51.75 71.93 93.37 110.16 281.4 555.1 345.68 411.93 330.29 437.62 395.14 465.19 396.34 370.97 404.87 359.1 362.94 349.85 336.34 316.87 333.98 332.7 353.36 365.2 394.38 308.12 306.05 299.56 274.18 300.6 326.25 313.09 282.57 294.71 307.69 305.64 287.08 271.98 266.86 269.09 261.03 237.37 201.71 211.23 225.11 233.69 263.27 267.77 312.3 365.82 437.55 482.06 515.06 560.3 537.22 466.31 409.51 384.13 372.14 365.09 362.66 362.15 361.98 358.31 348.81 332.08
-9999 -9999 -9999 11 11.1136363636364 16.71 36.34 67.41 111.68 185.8 171.63 389.35 730.26 614.28 587.78 562.1 490.11 449.62 490.99 380.79 384.53 367.18 366.63 365.92 350.33 343.93 333.89 358.46 344.8 329.03 356.74 338.65 314.88 319.32 291.98 273.32 309.12 332.44 310.74 288.78 266.3 281.2 278.29 262.23 219.69 215.17 245.05 266.93 255.6 215.26 195.81 199.07 220.91 264.46 332.98 375.01 412.19 495.89 596.38 615.15 603.68 535.07 473.12 442.09 419.27 396.68 393.79 394.73 414.35 412.38 393.29 381.12 356.36
-9999 -9999 -9999 -9999 -9999 12.685393258427 29.67 82.7 167.5 306.39 349.08 733.89 951.56 763.95 714.49 572.81 461.57 405.99 401.5 384.56 373.17 376.64 374.72 367.23 350.65 344.76 331.57 396.34 411.83 408.51 371.53 357.92 331.71 318.21 293.9 273.95 313.84 323.4 307.75 279.41 252.85 238.37 272.11 215.1 188.07 192.78 241.03 296.15 266.59 265.96 246.16 211.42 186.42 228.99 333.38 403.09 466.21 498.04 608.4 672.7 656.47 622.46 566.86 543.08 480.23 443.61 445.19 429.44 433.32 364.32 393.31 438.55 395.48
-9999 -9999 -9999 -9999 -9999 -9999 12.3188405797101 54.24 171.44 330.27 421.28 554.62 870.68 766.52 700.15 573.09 442.87 419.4 421 386.75 393.64 396.17 388.55 371.14 368.58 346.64 333.31 344.84 435.48 507.67 460.67 379.01 321.35 309.37 287.58 279.19 305.32 313.81 272.18 215.93 223.24 217.77 268.29 194.11 171.2 261.03 371.38 307.25 293.85 284.46 297.73 272.33 216.91 192.49 276.77 370.16 439.33 466.45 595.57 637.8 648.1 668.7 682.8 700.56 609.56 511.85 486.14 427.16 445.74 332.56 424.29 531.11 453.92
-9999 -9999 -9999 -9999 -9999 -9999 -9999 40.659793814433 128.5 190.18 342.95 345.54 648.48 721.29 727.55 574.34 446.58 418.66 417.84 405.64 408.22 406.52 406.17 384.53 381.67 368.84 351.27 344 347.74 346.66 310.74 306.68 338.96 341.82 305.07 280.89 279.59 276.04 198.43 155.86 201.39 258.23 208.05 152.88 223.76 438.05 406.39 333.43 323.75 304.63 326.68 298.14 196.47 194.93 296.65 343.53 335.27 410.01 516.25 600.19 636.33 675.22 761.86 849.58 660.88 574.71 505.43 408.91 479.63 326.92 380.14 539.13 447.62
-9999 -9999 -9999 -9999 -9999 -9999 -9999 -9999 22.3368421052632 124.02 336.99 289.73 326.03 416.61 445.88 496.22 459.26 454.58 439.57 420.91 431.86 418.57 424.49 411.96 413.47 407.63 375.81 354.44 351.63 323.17 297.82 284.02 344.98 364.49 310.88 272.33 296.14 232.95 226.96 138.31 143.06 168.5 162.57 150.56 233.81 408.94 406.14 363.57 362.22 370.84 339.43 279.54 214.15 210.45 280.75 262.82 226.9 281.13 374.78 527.49 655.96 749.31 823.34 1003.27 784.88 590.05 502.93 357.4 469.67 349.78 289.41 483.58 497.67
