All_rasters_2/Elevation.asc
NCOLS 176 
NROWS 173 
XLLCORNER -17.5416666666667 
YLLCORNER -34.7083333333334 
CELLSIZE 0.416666666666667 
NODATA_value -9999 
[rows 132 to 164 of 173, columns 73 to 145 of 176]
1237.79 1184.42 1267.55 1195.3 1120.06 1104.01 1098.02 1100.47 1115.68 1134.88 1147.07 1149.28 1146.28 1137.27 1127.77 1122.22 1109.39 1094.94 1080.36 1074.65 1059.76 1037.65 1019.35 1004.06 986.99 978.21 958.67 937.67 955.68 984.16 1003.2 966.71 892.04 787.79 611.03 884.75 897.31 835.55 885.58 885.3 1000.87 1202.9 1364.07 1444.78 1384.17 1361.59 1128.61 1197.3 923.5 642.57 522.3 321.26 177.76 56.73 91.27 55.59 21.18 7.19587628865979 -9999 -9999 -9999 -9999 -9999 -9999 -9999 -9999 -9999 -9999 -9999 -9999 -9999 -9999 -9999
961.13 1153.24 1417.91 1219.78 1131 1105.56 1094.97 1090.91 1101.05 1120.09 1132.66 1144.58 1159.08 1166.03 1162.9 1162.25 1139.4 1114.78 1092.95 1080.07 1057.57 1023.78 1011.09 991.48 966.96 953.71 943.11 953.61 995.83 1042.9 1061.34 964.36 780.31 751.85 893.95 1013.5 995.27 1075.13 1156.37 1006.21 1076.5 1184.86 1282.78 1379.96 1515.96 1499.77 1452.87 1554.84 895.22 546.01 558.97 265.57 100.15 174.39 79.06 10.87 5.76595744680851 -9999 -9999 -9999 -9999 -9999 -9999 -9999 -9999 -9999 -9999 -9999 -9999 -9999 -9999 -9999 -9999
747.98 1185.97 1476.89 1268 1157.18 1121.21 1107.7 1093.82 1086.2 1094.99 1126.22 1153.76 1169.94 1183.7 1193.04 1184.5 1158.78 1150.94 1108.65 1077.26 1047.05 1013.01 991.31 977.5 960.04 949.38 939.06 939.43 985.1 1036.67 1070.95 1021.63 976.96 1047.44 1005.37 1022.7 1080.74 1114.14 1171.52 1147.29 1125.19 1198.75 1315.04 1417.27 1356.97 1271.8 1294 1338.35 738.69 494.73 434.28 149.28 145.09 166.56 43.65 4.9125 -9999 -9999 -9999 -9999 -9999 -9999 -9999 -9999 -9999 -9999 -9999 -9999 -9999 -9999 -9999 -9999 -9999
612.7 757.88 1084.26 1187.81 1210.77 1165.95 1135.03 1102.39 1109.42 1136.67 1183.36 1220.62 1221.58 1205.97 1204.86 1199.18 1188.55 1175.06 1121.81 1081.64 1038.32 995.85 977.24 970.5 960.63 950.42 937.64 952.28 978.64 999.37 1024.7 1033.21 1020.9 1034.57 1023.73 1016.74 1072.74 1154.9 1205.24 1247.42 1264.93 1301.63 1353.77 1422.48 1259.68 955.11 987.35 1074.99 715.88 586.25 283.73 55.13 122.33 94.45 24.34375 -9999 -9999 -9999 -9999 -9999 -9999 -9999 -9999 -9999 -9999 -9999 -9999 -9999 -9999 -9999 -9999 -9999 -9999
384.46 812.96 1007.69 1126.31 1253.97 1287.24 1231.53 1198.94 1212.84 1307.54 1356.45 1534.15 1414.29 1255.59 1216.6 1205.02 1214.13 1194.94 1153.86 1122.56 1032.94 978.38 963.19 961.09 954.43 946.01 945.76 957.55 959.29 970.86 989.68 981.02 984.35 982.09 1015.53 1044.59 1103.89 1182.42 1285.69 1315.76 1373.07 1324.06 1361.07 1386.87 1155.03 937.74 773.05 1114.51 826.12 370.32 146.91 42.85 44.46 37.4677419354839 -9999 -9999 -9999 -9999 -9999 -9999 -9999 -9999 -9999 -9999 -9999 -9999 -9999 -9999 -9999 -9999 -9999 -9999 -9999
198.952941176471 607.98 1006.57 1053.56 1038.76 1189.73 1306.68 1316.85 1329.49 1424.71 1491.57 1467.37 1329.31 1253.6 1255.61 1234.54 1208.29 1187.01 1164.5 1119.62 1016.62 961.86 950.88 949.7 945.79 943.17 944.4 946.85 935.36 943.84 936.82 928.19 944.13 984.46 1058.46 1127.36 1190.73 1252.36 1333.86 1352.46 1236.42 1070.54 1093.5 1185.92 1131.85 889.6 639.01 1163.71 833.59 192.32 110.72 51.82 6.94736842105263 -9999 -9999 -9999 -9999 -9999 -9999 -9999 -9999 -9999 -9999 -9999 -9999 -9999 -9999 -9999 -9999 -9999 -9999 -9999 -9999
-9999 364.04 770.01 697.43 921.63 1093.5 1120.21 1208.61 1341.92 1498.28 1530.51 1374.08 1285.17 1307.84 1296.59 1259.66 1213.03 1171.01 1121.12 1045.52 988.54 959.6 942.07 937.66 953.44 965.35 943.95 937.08 921.63 919.73 912.73 910.35 942.84 1028.55 1155.22 1266.03 1349.93 1361.5 1232 1174.99 1107.78 931.1 909.16 938.95 822.95 670.28 549.16 858.5 405.15 186.69 194.28 67.58 -9999 -9999 -9999 -9999 -9999 -9999 -9999 -9999 -9999 -9999 -9999 -9999 -9999 -9999 -9999 -9999 -9999 -9999 -9999 -9999 -9999
-9999 167.857142857143 415.84 591.89 798.56 908.59 1115.86 1344.58 1511.15 1540.73 1405.97 1318.23 1334.7 1363.86 1361.33 1322.12 1245.44 1184.5 1107.89 1043.8 1016.66 1007.91 979.22 987.33 997.32 988.03 951.94 931.9 913.99 907.24 906.47 907.24 969.7 1064.6 1129.47 1170.65 1188.83 1130.97 1064.81 1001.39 1004.09 861.4 713.81 640.1 539.05 485.86 455.35 452.98 315.37 244.22 110.61 54.9 26.7236842105263 -9999 -9999 -9999 -9999 -9999 -9999 -9999 -9999 -9999 -9999 -9999 -9999 -9999 -9999 -9999 -9999 -9999 -9999 -9999 -9999
-9999 -9999 237.91 641.69 866.86 979.54 1188.62 1401.13 1515.4 1431.24 1385.79 1411.42 1481.02 1484.38 1457.95 1394.6 1312.44 1229.2 1164.22 1150.41 1138.97 1128.86 1093.08 1047.89 1010.77 988.9 956.43 936.32 917.05 929.96 945.44 953.67 1000.83 1078.47 1048.48 1002.14 974.99 945.37 902.86 846.1 817.01 703.3 585.24 493.11 416.27 369.48 339.18 249.4 255.8 174.06 96.69 80.79 51.24 -9999 -9999 -9999 -9999 -9999 -9999 -9999 -9999 -9999 -9999 -9999 -9999 -9999 -9999 -9999 -9999 -9999 -9999 -9999 -9999
-9999 -9999 111.945205479452 381.33 662.09 970.42 1246.54 1262.22 1450.98 1485.52 1489.07 1581.21 1629.79 1593.84 1516.94 1447.35 1370.05 1297.33 1252.6 1218.92 1180.7 1137.36 1088.02 1038.04 1008.6 992.98 971.97 960.31 982.53 1015.55 1031.88 1069.66 1088.66 1034.94 983.06 928.98 875.03 818.49 753.49 705.2 657.14 609.71 527.13 492.72 452.47 395.97 308.95 209.43 150.4 131.88 146.08 143.5 97.89 32.8461538461538 -9999 -9999 -9999 -9999 -9999 -9999 -9999 -9999 -9999 -9999 -9999 -9999 -9999 -9999 -9999 -9999 -9999 -9999 -9999
-9999 -9999 -9999 137.850574712644 509.91 969.03 1087.8 1254.3 1334.77 1406.27 1609.78 1714 1639.04 1581.45 1541.3 1481.77 1401.04 1314.67 1249.42 1190.29 1141.53 1099.57 1065.43 1034.7 1010.89 999.72 978.49 990.1 1021.3 1050 1081.88 1118.48 1151.89 1105.01 993.28 907.87 817.29 723.19 651.75 596.45 551.39 580.41 515.49 455.68 359.24 392.78 266.79 178.23 125.49 149.24 173.26 173.5 124.25 37.6 -9999 -9999 -9999 -9999 -9999 -9999 -9999 -9999 -9999 -9999 -9999 -9999 -9999 -9999 -9999 -9999 -9999 -9999 -9999
-9999 -9999 -9999 -9999 308.25 704.3 938.7 1087.73 1352.04 1610.96 1800.6 1650.32 1546.65 1484.51 1479.21 1477.62 1357.61 1244.79 1207.85 1168.69 1132.36 1094.43 1061.02 1035.43 1014.52 1002.05 984.52 992.81 1023.21 1054.77 1095.75 1150.2 1183.36 1064.09 978.95 918.57 829.26 752.1 673.43 669.98 640.67 534.83 489.76 373.68 284.42 292.04 200.76 130.6 92.47 130.32 147.95 166.47 137.39 54.52 -9999 -9999 -9999 -9999 -9999 -9999 -9999 -9999 -9999 -9999 -9999 -9999 -9999 -9999 -9999 -9999 -9999 -9999 -9999
-9999 -9999 -9999 -9999 201.35 540.11 975.93 1342.98 1541.68 1785.72 1777.11 1582.61 1456.57 1386.93 1413.47 1394.23 1297.61 1276.93 1264.67 1228.51 1193.82 1154.94 1119.48 1080.82 1042.81 1021.41 1001.44 992.21 1011.03 1048.83 1095.93 1160.4 1202.24 1083.27 983.14 894.19 820.46 847.03 821.39 830.64 859.96 908.11 669.44 442.26 389.17 273.52 188.87 118.55 80.47 91.7 120.01 140.17 134.06 88 -9999 -9999 -9999 -9999 -9999 -9999 -9999 -9999 -9999 -9999 -9999 -9999 -9999 -9999 -9999 -9999 -9999 -9999 -9999
-9999 -9999 -9999 -9999 178.95 576.98 894.66 1074.52 1625.33 1621.69 1445.24 1405.51 1373.89 1329.68 1329.77 1310.09 1276.06 1271.38 1253.7 1233.85 1217.76 1189.64 1163.81 1134.32 1104.38 1072.66 1045.63 1015.74 1017.11 1047.23 1082.67 1048.21 1019.89 972.07 895.7 836.31 882.78 939.76 1003.27 1004.48 1003.08 773.53 532.54 421.61 340.13 280.45 173.18 126.37 82.6 64.15 74.26 111.96 113.54 100.91 -9999 -9999 -9999 -9999 -9999 -9999 -9999 -9999 -9999 -9999 -9999 -9999 -9999 -9999 -9999 -9999 -9999 -9999 -9999
-9999 -9999 -9999 -9999 128.25 515.38 810.29 1176.4 1680.49 1540.94 1361.16 1283.21 1296.95 1270.32 1255.94 1238.86 1250.16 1235.21 1214.48 1193.51 1179.95 1166.2 1148.22 1142.28 1126.01 1113.02 1091.33 1076.2 1059.44 1067.35 1089.4 1056.62 983.86 905.34 893.94 902.25 988.16 1040.65 1089.06 1193.45 1195.54 835.11 510.62 398.12 333.85 258.42 153.9 106.23 75.46 56.22 60.76 97.12 118.38 115.97 -9999 -9999 -9999 -9999 -9999 -9999 -9999 -9999 -9999 -9999 -9999 -9999 -9999 -9999 -9999 -9999 -9999 -9999 -9999
-9999 -9999 -9999 -9999 79.71 551.81 842.5 1228.39 1541.64 1396.95 1309.14 1233.87 1229.78 1214.85 1203.34 1196.21 1188.11 1175.62 1152.14 1141.73 1136.19 1125.82 1107.91 1101.23 1100.93 1107.29 1108.01 1111.09 1125.94 1148.1 1137.84 1024.5 931.31 902.64 959.69 1092.27 1251.49 1306.82 1221.34 1338.57 1273.49 993.73 576.19 432.38 339.64 267.64 164.93 76.53 52.32 48.04 54.16 79.39 95.37 75.8350515463918 -9999 -9999 -9999 -9999 -9999 -9999 -9999 -9999 -9999 -9999 -9999 -9999 -9999 -9999 -9999 -9999 -9999 -9999 -9999
-9999 -9999 -9999 -9999 110.968085106383 429.42 833.63 1147.55 1471.65 1364.7 1313.26 1201.37 1184.26 1177.78 1158.55 1141.6 1124.82 1104.88 1086.1 1087.65 1102.33 1104.5 1083.82 1059.3 1065.88 1085.76 1090.01 1129.98 1185.52 1217.47 1112.75 1012.19 954.46 946.01 994.37 1269.48 1339.02 1361.89 1081.8 959.47 992.52 1007.29 958.43 676.47 431.79 278.15 164.39 64.42 30.08 37.6 64.77 49.23 66.8082191780822 -9999 -9999 -9999 -9999 -9999 -9999 -9999 -9999 -9999 -9999 -9999 -9999 -9999 -9999 -9999 -9999 -9999 -9999 -9999 -9999
-9999 -9999 -9999 -9999 125.672413793103 474.34 825.94 1165.77 1520.34 1415.99 1332.23 1121.47 1169.77 1163.39 1120.34 1097.6 1076.11 1047.67 1033.15 1037.68 1056.14 1069.44 1055.13 1046.61 1040.42 1041.76 1066.63 1112.4 1184.66 1270.51 1164.79 1097.18 1019.9 1089.69 1045.86 1113.22 1172.86 1107.37 991.71 962.3 1319.28 1289.48 1437.65 913.05 405.57 272.55 140.41 50.62 40.71 32.46875 66.7413793103448 -9999 -9999 -9999 -9999 -9999 -9999 -9999 -9999 -9999 -9999 -9999 -9999 -9999 -9999 -9999 -9999 -9999 -9999 -9999 -9999 -9999 -9999
-9999 -9999 -9999 -9999 -9999 448.41 901.92 1110.49 1371.43 1558.97 1413.54 1057.02 1089.45 1127.24 1083.77 1054.19 1033.16 1008.86 992.42 993.37 1006.79 1022.66 1020.7 1022.73 1022.16 1042.2 1061.61 1089.66 1143.37 1227.27 1284.07 1208.89 1089.06 1150.16 1110.25 1064.65 1094.68 1151.36 1234.71 1157.15 1481.03 1759.7 1372.88 859.74 461.46 237.67 112.84 51.0808080808081 31.34 -9999 -9999 -9999 -9999 -9999 -9999 -9999 -9999 -9999 -9999 -9999 -9999 -9999 -9999 -9999 -9999 -9999 -9999 -9999 -9999 -9999 -9999 -9999 -9999
-9999 -9999 -9999 -9999 -9999 406.32 800.84 989.87 1483.36 1508.21 1366.6 1035.36 997.86 1076.39 1052.82 1021.01 995.39 974.21 955.67 956.58 976.93 991.24 1001.48 1000.89 1024.25 1092.84 1099.44 1099.89 1142.78 1205.92 1302.52 1424.82 1429.26 1411.11 1306.86 1276.48 1344.28 1418.87 1442.14 1486.44 1657.84 1711.51 1388.42 1012.04 603.45 307.62 133.64 -9999 -9999 -9999 -9999 -9999 -9999 -9999 -9999 -9999 -9999 -9999 -9999 -9999 -9999 -9999 -9999 -9999 -9999 -9999 -9999 -9999 -9999 -9999 -9999 -9999 -9999
-9999 -9999 -9999 -9999 -9999 300.611111111111 593.62 868.86 1279.51 1387.2 1266.55 1009.81 995.88 1063.12 1017.02 997.45 975.64 948.64 924.01 933.04 964.37 978.39 976.92 994.48 1057.45 1103.15 1151.09 1167.69 1214.44 1250.69 1359.56 1467.25 1507.59 1525.61 1544.63 1593.01 1591.81 1596.95 1577.88 1595.95 1669.52 1687.31 1513.83 1241.9 655.83 311.97 124.36 27.1714285714286 -9999 -9999 -9999 -9999 -9999 -9999 -9999 -9999 -9999 -9999 -9999 -9999 -9999 -9999 -9999 -9999 -9999 -9999 -9999 -9999 -9999 -9999 -9999 -9999 -9999
-9999 -9999 -9999 -9999 -9999 146.088235294118 511.11 923.05 1349.61 1359.38 1062.13 939.07 975.01 972.32 983.82 1000.63 967.23 900.38 893.87 910.72 942.93 960.04 964.86 1003.53 1065.34 1123.5 1220.98 1296.65 1295.39 1345.67 1377.28 1458.32 1467.06 1429.75 1454.17 1518.61 1534.06 1606.36 1618.95 1626.63 1671.44 1658.15 1470.96 1155.39 593.85 306.49 149.67 43.9789473684211 -9999 -9999 -9999 -9999 -9999 -9999 -9999 -9999 -9999 -9999 -9999 -9999 -9999 -9999 -9999 -9999 -9999 -9999 -9999 -9999 -9999 -9999 -9999 -9999 -9999
-9999 -9999 -9999 -9999 -9999 -9999 424.55 862.57 1227.24 1309.85 943.81 811.08 913.47 1072.04 1219.3 1026.24 909.75 842.92 867.37 886.34 917.59 942.12 1004.27 1047.33 1101.23 1208.84 1309.07 1342.04 1233.49 1327 1375.92 1449.27 1381.93 1339.47 1403.13 1464.6 1507.47 1539.55 1562.56 1595.55 1664.04 1651.24 1350.46 1121.47 716.76 292.43 137.8 65.5735294117647 -9999 -9999 -9999 -9999 -9999 -9999 -9999 -9999 -9999 -9999 -9999 -9999 -9999 -9999 -9999 -9999 -9999 -9999 -9999 -9999 -9999 -9999 -9999 -9999 -9999
-9999 -9999 -9999 -9999 -9999 -9999 316.978021978022 622.8 846.21 1208.3 954.42 767.15 1083.64 1335.41 1335.97 1001.94 846.34 834.84 856.82 886.69 935.13 991.46 1080.95 1160.71 1176.46 1358.38 1444.67 1387.88 1230.34 1318.49 1304.09 1297.49 1289.99 1331.81 1389.52 1471.69 1598.83 1589.68 1654.76 1718.36 1696.31 1690.15 1400.43 1002.6 689.09 303.5 121.84 -9999 -9999 -9999 -9999 -9999 -9999 -9999 -9999 -9999 -9999 -9999 -9999 -9999 -9999 -9999 -9999 -9999 -9999 -9999 -9999 -9999 -9999 -9999 -9999 -9999 -9999
-9999 -9999 -9999 -9999 -9999 -9999 -9999 288.64 559.48 906.58 787.1 692.25 1001.07 1048.79 1026.79 902.82 834.29 822.27 854.96 892.71 949.58 1021.4 1098.69 1273.45 1272.12 1514.44 1463.13 1314.34 1167.64 1252.04 1270.09 1269.56 1292.87 1358.55 1425.48 1509.38 1628.77 1656.92 1678.65 1850.56 1584.88 1269.64 1278.04 1111.92 761.22 443.21 130.88 -9999 -9999 -9999 -9999 -9999 -9999 -9999 -9999 -9999 -9999 -9999 -9999 -9999 -9999 -9999 -9999 -9999 -9999 -9999 -9999 -9999 -9999 -9999 -9999 -9999 -9999
-9999 -9999 -9999 -9999 -9999 -9999 -9999 -9999 291.85 280.87 430.55 582.78 765.09 899.57 878 807.95 782.1 785.51 824.27 896.5 913.08 982.29 1085.68 1247.93 1359.81 1499.87 1390.34 1144.91 1164.1 1260.81 1303.73 1326.74 1323.68 1383.17 1439.75 1526.98 1674.39 1746.26 1686.79 1695.67 1374.29 1244.14 1202.74 1038.79 602.7 265.72 88.75 -9999 -9999 -9999 -9999 -9999 -9999 -9999 -9999 -9999 -9999 -9999 -9999 -9999 -9999 -9999 -9999 -9999 -9999 -9999 -9999 -9999 -9999 -9999 -9999 -9999 -9999
-9999 -9999 -9999 -9999 -9999 -9999 -9999 -9999 90.8039215686274 288.78 568.76 491.37 674 699.26 800.82 673.12 719.67 765.79 758.88 823.05 910.02 935.13 1072.56 1177.53 1316.72 1401.58 1210.46 1108.2 1181.9 1245.6 1251.96 1296.82 1376.05 1412.67 1482.23 1617.96 1733.06 2113.45 2057.59 1304 1077.97 972.48 967.51 873.82 559.27 147.69 -9999 -9999 -9999 -9999 -9999 -9999 -9999 -9999 -9999 -9999 -9999 -9999 -9999 -9999 -9999 -9999 -9999 -9999 -9999 -9999 -9999 -9999 -9999 -9999 -9999 -9999 -9999
-9999 -9999 -9999 -9999 -9999 -9999 -9999 -9999 -9999 156.086419753086 418.76 722.83 672.55 670.7 775.93 836.85 944.62 927.89 828.6 859.63 976.79 1008.03 987.15 1188.6 1214.44 1153.33 1073.42 1143.29 1160.5 1216.43 1274.11 1321.92 1378.24 1484.79 1591.91 1632.59 1964.06 2526.61 2650.7 2134 1384.36 1291.8 1077.49 609.79 249.305263157895 -9999 -9999 -9999 -9999 -9999 -9999 -9999 -9999 -9999 -9999 -9999 -9999 -9999 -9999 -9999 -9999 -9999 -9999 -9999 -9999 -9999 -9999 -9999 -9999 -9999 -9999 -9999 -9999
-9999 -9999 -9999 -9999 -9999 -9999 -9999 -9999 -9999 -9999 196.47 664.19 975.68 950.14 924.64 1017.45 988.35 931.14 914.48 890.65 934.99 1048.1 1044.9 1081.8 1035.26 1104.39 1126.04 1172.99 1215.51 1280.96 1335.34 1382.8 1487.53 1536.92 1575.54 1830.46 2330.24 2463.8 2472.78 2442.76 1603.4 1211.46 758.31 394.170212765957 -9999 -9999 -9999 -9999 -9999 -9999 -9999 -9999 -9999 -9999 -9999 -9999 -9999 -9999 -9999 -9999 -9999 -9999 -9999 -9999 -9999 -9999 -9999 -9999 -9999 -9999 -9999 -9999 -9999
-9999 -9999 -9999 -9999 -9999 -9999 -9999 -9999 -9999 -9999 182.546511627907 508.18 825.79 975.33 933.88 964.6 965.28 952.62 901.1 881.59 903.91 985.71 1077.94 1099.63 1023.69 1107.57 1161.82 1165.81 1240.81 1410.83 1413.48 1457.23 1551.38 1500.44 1619.07 1995.51 2141.49 2254.01 2267.83 1793.45 1339.75 964.75 564.08 -9999 -9999 -9999 -9999 -9999 -9999 -9999 -9999 -9999 -9999 -9999 -9999 -9999 -9999 -9999 -9999 -9999 -9999 -9999 -9999 -9999 -9999 -9999 -9999 -9999 -9999 -9999 -9999 -9999 -9999
-9999 -9999 -9999 -9999 -9999 -9999 -9999 -9999 -9999 -9999 -9999 331.35 894.57 987.15 901.12 882.18 914.04 932.26 936.82 959.29 981.93 984.69 1049.16 1132.15 1085.26 1114.86 1209.68 1358.68 1310.98 1340.1 1460.16 1422.13 1431.42 1497.36 1573.02 1784.97 2181.59 1692.58 1633.7 1591.56 1158.51 753.76 358.3 -9999 -9999 -9999 -9999 -9999 -9999 -9999 -9999 -9999 -9999 -9999 -9999 -9999 -9999 -9999 -9999 -9999 -9999 -9999 -9999 -9999 -9999 -9999 -9999 -9999 -9999 -9999 -9999 -9999 -9999
-9999 -9999 -9999 -9999 -9999 -9999 -9999 -9999 -9999 -9999 -9999 173.171428571429 353.4 586.3 646.56 747.95 932.7 966.11 976.26 1052.42 1152.01 1164.34 1198.04 1236.34 1172.73 1215 1293.02 1378 1368.32 1368.94 1341.2 1380.92 1406.47 1456.25 1707.49 1975.28 2151.85 1528.23 1291.24 1247.73 951.58 462.584269662921 -9999 -9999 -9999 -9999 -9999 -9999 -9999 -9999 -9999 -9999 -9999 -9999 -9999 -9999 -9999 -9999 -9999 -9999 -9999 -9999 -9999 -9999 -9999 -9999 -9999 -9999 -9999 -9999 -9999 -9999 -9999
-9999 -9999 -9999 -9999 -9999 -9999 -9999 -9999 -9999 -9999 -9999 -9999 227.423913043478 289.67 374.64 660.4 952.22 1035.41 1037.48 1152.75 1238.03 1290.23 1392.81 1352.98 1263.4 1262.65 1401.95 1441.43 1458.01 1513.18 1492.53 1552.32 1617.63 1691.77 1720.72 1844.28 1655.55 1229.58 927.07 743.29 546.042553191489 -9999 -9999 -9999 -9999 -9999 -9999 -9999 -9999 -9999 -9999 -9999 -9999 -9999 -9999 -9999 -9999 -9999 -9999 -9999 -9999 -9999 -9999 -9999 -9999 -9999 -9999 -9999 -9999 -9999 -9999 -9999 -9999
