All_rasters_2/Elevation.asc
NCOLS 176 
NROWS 173 
XLLCORNER -17.5416666666667 
YLLCORNER -34.7083333333334 
CELLSIZE 0.416666666666667 
NODATA_value -9999 
[rows 66 to 98 of 173, columns 73 to 145 of 176]
373.9 386.58 319.7 319.58 360.61 363.33 347.03 346.19 348 345.19 349.55 367.48 367.09 387.3 410.3 390.49 394.88 400.9 406.59 412.35 421.39 458.42 490.79 575.59 566.64 607.65 621.47 569.92 534.36 543.74 524.15 479.85 445.5 425.24 420.59 415.28 407.82 403.45 399.44 398.31 402.89 402.75 404.03 404.11 402.47 397.77 395.77 395.56 400.74 420.22 630.09 1038.68 1449.48 1550.78 1426.36 1129.08 1567.13 1730.17 2149.47 1811.39 1902.17 2292.44 2447.15 2631.15 2187.03 862.63 812.16 936.98 1067.63 1224.65 1510.82 1689.86 1651.63
215.92 235.06 278.84 351.26 396.56 430.03 408.04 374.38 371.73 386.66 383.59 442.78 406.14 382.24 383.91 382 388.74 396.07 406.28 419.52 439.95 472.9 521.53 556.27 674.18 822.14 683.73 613.6 624.44 613.3 574.66 513.67 479.13 448.11 430.28 418.87 408.21 402.64 398.32 395.4 396.88 398.02 400.49 402.41 401.99 399.84 398.3 398.15 399.91 413.56 547.39 1176.02 1527.61 1547.77 1663.87 1404.94 1512.67 1812.33 2207.12 1883.25 2391.52 2541.28 2673.33 2482.02 1542.09 849.1 1245.27 1703.56 1976.66 2010.94 1724.21 1640.44 1689.25
324.15 286.89 241.84 298.06 389.38 445.73 426.74 441.72 428.46 392.75 387.65 411.65 380.73 373.71 378.25 383.5 391.99 448.08 482.27 461.32 485.48 524.25 629.07 693.82 852.53 882.13 759.96 826.41 774.5 683.44 578.63 514.71 500.41 475.54 447.41 420.03 411.16 405.83 398.76 392.24 393.27 397.67 400.47 402.38 403.17 403.36 401.5 401.72 402.63 407.34 471.73 813.21 1761.42 1487.28 1669.82 1674.77 1772.48 1694 1852.7 2381.8 2416.99 2202.39 2140.87 1907.72 1217.13 1338.75 1760.6 1693.51 1513.62 1489.87 1381.59 1398.02 1411.64
484.84 489.37 359.82 345.56 409.1 501.85 464.56 448.37 439.08 408.98 399.15 382.71 387.22 393.55 392.34 393.97 403.71 462.11 528.4 576.45 670.67 714.43 813.76 872.18 866.43 799.55 806.34 848.91 781.34 698 611.5 577.11 540.8 516.45 481.84 446.65 418.98 409.25 400.11 393.77 393.3 396.95 400.63 403.11 404.72 404.76 404.14 405.09 405.51 409.6 424.55 555.49 1170.49 1337.1 1621.29 1903.3 1857.7 1629.28 1786.97 1755.52 2279.47 2399.85 1756.16 1698.38 1992.69 1870.43 1515.06 1406.23 1305.3 1220.78 1173.04 1191.26 1200.94
486.14 564.44 627.63 784.36 676.03 609.46 507.14 493.66 462.74 458.92 421.69 400.14 408.13 409.24 403.94 410.02 429.49 451.1 480.65 658.32 727.63 738.5 774.46 781.55 755.78 741.04 805.98 779.7 779.37 755.12 703.65 629.92 556.03 583.82 505.38 470.49 437.56 414.25 409.85 403.26 396.54 398.49 402.76 405.68 408.52 409.24 409.75 408.4 409.42 413.22 420.33 455.6 733.14 1666.28 1859.23 2210.56 1997.32 1769.32 1971.23 1836.68 2532.26 1942.34 1819.13 2717.62 2437.24 1601.38 1374.58 1392.42 1210.64 1079.3 989.12 962.8 1051.14
852.24 970.48 1019.33 916.48 711.8 678.78 604.16 626.3 478.19 462.53 445.94 419.89 431.32 426.99 422.23 431.43 436.97 455.27 484.04 600.14 697.92 682.52 713.15 703.6 705.1 733.43 744.68 718.92 707.28 763.28 728.42 654.35 603.4 567.32 526.4 494.65 471.78 436.59 418.65 408.65 403.67 403.8 406.39 410.34 412.46 413.46 414.37 413.14 413.49 416.78 428.14 477.62 654.19 1463.38 2175.43 2046.73 1929.49 1990.56 1904.39 1980.87 2058.86 1696.53 2276.87 2792.1 2045.96 1877.7 1571.4 1391.1 1110.26 909.1 786.66 810.39 946.35
1015.62 1094.6 1249.56 1326.74 1031.74 901.25 966.24 762.46 595.93 535.48 490.6 462.85 446.38 458.93 452.01 474.09 487.51 470.39 505 562.08 619.72 659.54 671.63 658.8 701.62 721.13 695.14 688.75 681.7 715.77 743.21 724.43 632.85 577.1 533.69 503.44 495.95 475.77 438.92 418.6 412.15 413.48 413.22 414.53 415.56 418.32 419.07 417.85 416.56 419.35 435.42 484.21 639.26 1011.39 1615.13 1684.96 1973.3 1661.92 1609.24 1832.72 1857.95 1898.3 2625.33 2603.61 2863.05 2340.01 1914.42 1367.48 976.88 737.26 658.92 881.93 762.03
1023.61 952.23 1004.06 1051.9 1114.63 1168.61 1068.84 879.69 696.77 597.03 533.41 488.07 474.91 505.4 499.84 498.11 557.63 529.57 532.2 597.8 633.04 637.67 629.85 659.91 683.25 695.96 697.03 664.34 652.62 663.54 687.01 732.04 667.5 577.46 539.52 538.16 511.48 492.6 484.81 450.51 434.45 427.48 435.94 428.46 420.63 423.03 424.42 423.63 421.04 418.43 437.33 496.69 683.41 1143.57 1472.95 1237.96 1165.07 1308.32 1443.78 1646.4 1533.53 2187.94 2589.54 2683.75 2772.49 1720.63 1493.26 1157.83 982.46 606.07 557.4 645.92 585.78
895.51 918.27 966.84 975.4 1020.2 1041.36 1013.01 858.72 702.28 600.88 548.74 527.91 524.56 524.92 556.09 529.07 558.58 522.47 544.5 584.11 599.48 625.25 635.19 670.61 651.53 634.62 669.42 654.03 643.84 658.24 664.08 688.15 673.34 595.58 581.89 561.41 550.08 526.73 523.09 491.53 479.41 461.51 447.91 447.66 425.96 429.14 429.85 428.71 424.84 421.3 446.64 582.08 766.82 922.45 1281.85 769.18 1110.06 1654.86 1580.79 1736.77 1486.08 2426.72 2070 1878.76 1345.4 1069.33 1136.17 1006.78 810.22 715.29 482.45 408.23 391.24
799.23 826.23 876.96 923.17 986.35 836.93 860.09 841.81 790.35 637.73 640.04 615.43 598.08 560.45 523.72 490.34 527.31 523.8 511.05 527.61 550 590.33 603.91 630.65 603.49 600.42 638.46 603.63 605.51 633.43 654.63 666.39 685.72 662.54 626.2 569.97 575.54 553.44 566.48 531.9 516.67 505.49 491.08 460.91 437.35 435.76 436.09 436.49 436.03 429.36 438.61 580.09 927.46 1116.94 925.68 555.89 1065.6 1535.09 1626.67 1429.97 1763.73 2103.73 1832.6 1596.97 1318.96 1140.76 973.49 776.19 666.79 644.12 782.28 484.5 367.73
707.33 717.98 760.7 895.39 902.32 738.18 709.36 778.85 737.28 703.87 676.65 628.06 594.78 579.78 483.23 441.34 465.05 475.38 508.56 560.16 537.84 565.14 613.11 615.11 576.19 585.73 607.03 611.1 628.73 625.83 618.68 644.89 648.14 669.41 677.27 603.32 590.08 612.7 604.15 599.65 598.54 576.12 546.31 518.71 477.05 445.64 447.74 452.44 460.34 451.5 439.53 473.67 801.04 865.62 619.75 503.91 842.07 1011.53 1323.79 1359.88 1772.72 1504.78 1518.98 1439.35 1361.66 1191.39 968.09 765.87 594.22 415.39 521.03 596 528.23
665.72 707.03 757.16 793.75 796.49 709.02 620.5 691.98 708.52 662.58 691.07 677.78 571.81 484.86 410.48 400.35 415.82 432.57 488.99 557.62 531.26 556.6 585.96 551.45 545.37 576.95 576.46 602.59 611.02 608.49 617.81 652.92 646.83 664.67 685.53 661.4 626.42 637.04 657.95 682.59 690.5 691.76 648.03 592.12 508.29 469.5 479.13 496.7 505.16 536.26 539.25 489.17 523.82 529.56 535.28 418.28 856 895.82 1196.84 1153.98 1607.68 1415.53 1227.59 1062.57 1357.02 1107.42 1118.34 910.31 516.78 349.47 318.31 446.73 479.96
686.6 699.77 686.11 665.66 689 666.53 656.88 578.58 638.29 595.98 623.85 583.8 435.64 451.41 454.78 521.54 471.23 413.46 487.88 476.01 504.28 525.51 508.6 525.57 539.04 550.12 567.2 585.38 601.3 617.17 628.5 653.76 667.44 664.66 683.3 705.31 662.17 663.11 707.33 768.33 824.82 791.11 758.84 757.53 566.81 587.36 582.65 625.16 626.88 746.28 743.6 562.34 471.62 655.14 610.24 389.41 673.07 648.87 1115.84 1087.21 1443.08 1460.54 1229.33 956.03 1025.28 1051.84 863.81 839.08 590.71 280.9 263.21 356.53 392.98
701.62 685.9 657.4 637.25 626.47 590.65 584.72 534.38 574.79 588.46 543.92 520.72 417.68 394.93 456.51 485.22 470.71 418.25 405.74 449.57 489.62 451.44 440.73 481.35 530.86 545.89 554.76 564.61 592.12 606.82 623.16 628.98 653.71 670.34 687.41 703.17 709.62 727.06 750.48 777.94 831.96 831.27 815.38 883.33 668.19 687.5 806.73 867.88 859.06 1168.5 1089.11 732 519.12 544.36 682.87 401.25 528.08 705.67 878.83 954.52 1438.78 1421.32 1290.87 1137.15 1010.06 1058.53 844.8 594.69 509.84 259 202.57 271.41 339.97
710.12 725.54 686.25 664.42 658.01 619.07 568.84 506.63 592.7 591.13 526.9 505.54 436.08 375.08 379.11 378.53 402.68 409.11 403.89 446.74 490.49 449.79 440.94 464.32 504.2 518.1 537.72 558.47 578.78 603.25 612.52 625.75 640.4 662.82 677.11 682.01 697.45 715.6 732 752.79 800.05 887.22 995 975.04 859.49 784.98 778.76 1180.98 1283.78 1094.59 1352.86 1060.51 629.4 648.49 605.35 379.1 529.28 658.49 608.07 777.54 943.87 1224.56 1215.32 1082.88 888.47 800.08 790.18 521.5 366.77 272.38 208.09 217.43 347.4
690.27 707.56 678.05 633.85 590.34 592.92 637.41 551.59 565.88 533.17 493.11 464.11 413.86 375.92 364.36 363.47 410 430.91 411.89 416.65 464.2 472.1 496.82 515.69 502.33 464.02 461.56 518.71 571.72 592.46 613.58 638.79 650.48 664.19 694.81 710.7 720.83 740.87 766.22 798.93 856.24 949.63 1141.29 1077.45 762.78 747.9 756.19 954.49 1026.38 1173.73 1347.48 1377.79 848.89 701.69 543.08 395.65 560.61 543.2 449.56 904.89 762.58 687.12 759.63 838.2 792.52 632.8 636.43 586.56 463.66 434.17 233.4 224.84 366.19
636.4 623.58 616.93 632.26 621.31 529.37 571.26 477.11 488.95 498.49 443.12 394.43 375.88 356.77 366.04 384.03 398.7 401.02 397.38 417.49 427.86 447.94 480.79 514.06 511.59 494.11 449.26 438.2 478.04 564.11 622.91 642.73 671.11 687.29 702.64 734.41 759.8 799.43 833.65 908.06 970.8 1011.65 1188.34 1038.26 737.84 976.86 980.07 960.68 1037.1 1134.23 1215 1281.46 1162.54 822.02 552.96 433.13 429.06 582.63 473.11 498.09 557.15 572.45 550.07 562.4 610.62 535.48 484.29 422.83 414.93 481.04 274.91 272.22 400.82
649.43 618.03 592.92 593.73 613.16 530 523.46 424.21 455.37 451.63 396.82 365.72 351.25 365.87 378.53 387.93 397.38 396.4 399.57 398.46 438.84 433.05 441 452.87 464.34 438.53 469.08 471.95 451.88 506.75 591.11 630.19 661.51 691.85 731.6 758.82 794.53 827.7 861 982.42 1138.77 1203.06 1386.33 1194.97 736.44 920.8 1057.17 1057.75 1047.89 1094.31 1163.03 1187.81 1316.59 867.83 706.37 565.5 542.9 756.07 523.77 481.25 681.46 501.36 450.76 444.98 470.8 492.71 414.79 388.87 354.58 400.78 232.9 297.92 351.68
587.02 568.71 589.95 596.85 500.26 463 471.96 425.99 402.92 410.84 372.02 348.28 341.14 340.54 337.22 345.98 351.5 355.5 373.95 377.12 397.19 380.49 378.15 381.73 402.41 458.48 507.33 517.08 501.27 484.16 519.64 557.03 593.22 590.81 709.71 773.37 819.09 891.72 936.77 1008.12 1107.84 1322.84 1658.13 1423.17 696.93 895.32 1049.32 1066.16 1089.5 1092.49 1091.49 1203.9 1345.81 1285.21 825.67 658.42 613.33 1125.04 654.54 636.02 659.98 387.86 361.46 355.89 344.51 398.17 338.06 277.15 225.15 230.29 144.02 236.11 225.38
537.37 522.17 522.99 584.32 474.8 470.3 479.04 393.84 382.48 370.81 341.11 337.93 336.65 332.51 338.42 337.71 348.73 365.62 376.6 379.5 391.19 423.13 443.45 430.66 392.73 412.54 450.43 496.19 512.49 475 460.32 484.38 521.65 529.82 579.06 677.58 775.14 873.93 896.96 954.4 1063.36 1277.64 1421.41 755.13 891.3 1072.26 1061.58 1048.41 1055.92 1071.15 1065.83 1079.09 1333.11 1377.27 1061.88 750.67 639.23 1277.23 977.55 581.8 442.04 335.9 311.77 292.35 270.31 259.78 228.58 190.85 141.47 169.51 114.29 134.66 133.05
531 510.34 513.79 566.17 561.53 493.37 491.73 407.89 361.49 346.8 330.88 332.12 331.53 329.31 329.67 337.97 349.15 364.36 376.42 392.26 407.47 425.14 441.36 446 458.75 400.8 404.55 443.08 454.69 464.56 476.23 507.22 538.82 557.54 602.79 619.75 660.87 779.61 855.32 916.55 983.36 1165.43 704.28 987.75 1112.71 1076.8 1071.01 1053.62 1046.15 1051.31 1091.74 1563.46 1910.54 1812.88 1637.51 1030.9 1135.79 1422.69 1143.1 717.28 531.69 337.23 259.66 255.34 240.86 196.64 158.64 129 94.09 82.59 75.03 69.36 60.31
529.77 531.16 528.53 566.03 527.37 454.44 445.52 388.41 353.83 335.01 323.88 328.82 326.07 325.28 337.62 349.23 360.55 360.83 368 386.54 410.03 427.05 440.36 463.84 488.16 451.73 404.93 431.04 472.65 460.45 477.13 503.52 550.83 618.47 602.11 636.94 698.68 814.92 844.47 917.75 993.38 932.21 1094.14 1195.76 1210.01 1158.08 1096.76 1086.19 1078.11 1077.6 1098.66 1657.29 2144.31 1970.03 1826.21 1072.93 1541.16 1683.73 1190.52 888.21 639.59 408.61 288.61 219.93 217.03 173.32 129.62 91.68 58.61 40.81 38.65 39.24 32.57
523.92 539.17 542.37 531.16 487.18 425.02 396.56 354.55 338.28 330.91 321.31 322.51 320.17 328.41 340.56 347.94 354.12 364.71 377.2 375.96 396.26 418.16 440.81 472.87 499.33 502.4 433.54 421.05 447.89 437.91 467.6 516.31 551.31 662.28 694.36 658.96 733.67 884.69 1030.02 1091.62 1473.95 1706.58 1337.14 1302.18 1270.61 1228.26 1179.22 1149.4 1151.24 1149.71 1141.7 1267.32 1554.21 1998.3 1877.04 1275.85 1831.92 1718.73 1361.07 1051.26 920.32 528.06 371.33 244.33 176.11 164.19 109.03 78.36 49.25 29.86 23.92 24.66 30.2340425531915
539.92 550.68 538.04 447.49 426.93 402.02 367.68 337.64 328.2 324.39 320.81 320.21 318.29 320.5 335.43 346.35 355.18 362.27 375.09 381.77 390.09 403.05 424.61 459.01 495.22 482.7 426.18 449.6 473.07 470.64 462.46 511.55 590.66 689.16 765.07 714.02 769.48 928.19 1219.76 1677.37 1400.95 1148.14 1282.06 1266.18 1228.47 1189.98 1168.84 1152.29 1157.01 1139.73 1151.52 1273.85 1475.11 1837.13 2293.82 1678.21 2153.05 1883.94 2347.15 1594.28 781.29 429.68 332.92 270.38 201.4 147.53 120.84 86.43 46.45 28.33 17.29 15.3645833333333 -9999
434.5 476.21 472.29 471.56 435.61 390.48 356.16 335.17 321.29 320.87 316.02 312.11 316.61 331.01 334.54 331.43 340.44 343.07 353.19 362.29 380.58 402.68 431.69 450.68 435.15 430.19 434.23 452.11 479.01 455.78 474.41 511.21 553.96 631 774.8 795.42 827.68 1051.81 1565.03 1678.85 957.62 1348.48 1468.05 1321.97 1266.53 1185.29 1141.31 1135.76 -9999 -9999 1142.54 1180.17 1278.35 1688.31 2423.92 2162.08 2462.11 2289.14 2232.82 1360.92 667.52 540.57 355.78 255.68 204.15 154.45 130.98 85.74 47.23 26.27 15.2222222222222 -9999 -9999
349.8 374.96 424.1 499.99 433.64 386.97 349.21 325.24 315.68 312.17 306.64 309.99 311.18 342.03 353.91 342.63 343.14 352.29 368.92 375.42 382.12 396.56 404.75 396.32 400.43 428.32 455.73 454.42 459.92 464.56 473.28 498.55 543.9 639.96 774.16 837.64 947.05 1209.87 1698.39 1198.43 1274.65 1537.77 1484.8 1333.98 1241.55 1145.53 -9999 -9999 -9999 -9999 -9999 1308.07 1682.36 1895.86 2234.74 2491.22 2174.36 2138.42 1308.9 1053.5 872.17 619.58 408.01 265.13 162.33 134.57 116.78 86.71 50.65 20.34 -9999 -9999 -9999
414.25 360.18 468.01 534.35 481.97 396.74 369.44 322.99 308.64 299.25 318.32 319.79 321.34 327.19 331.62 342.18 345.01 358.4 366.19 377.83 392.89 392.34 410.58 419.41 415.29 432.16 460.19 495.2 466.25 471.27 475.81 506.8 548.15 619.81 653.2 692.6 890.35 1229.5 1686.17 1511.49 1932.28 1653.75 1398.3 1349.88 1180.64 1158.9 -9999 -9999 -9999 -9999 1166 1363.57 1658.4 1752.87 1930.06 1889.11 1721.76 1760.69 1422.73 1193.95 979.76 559.89 359.3 225.03 124.57 92.75 85.3 71.32 37.99 16.8082191780822 -9999 -9999 -9999
505.31 384.72 492.04 553.69 479.59 431.66 421.63 344.54 296.66 306.12 357.86 321.3 305.54 307.74 313.16 328.34 353.26 364.86 380.88 399.96 415.04 415.82 417.66 409.49 437.05 464.91 471.35 503.88 499.07 472 486.6 508.24 592.62 639.91 784.79 817.98 883.05 1304.94 1924.18 2118.68 2017.99 1725.09 1403.28 1404.69 1247.9 1170.05 -9999 -9999 -9999 1142.07 1231.13 1301.03 1503.22 1654.05 2005.7 1583.29 1191.01 1668.86 1584.57 1160.7 856.01 535.47 335.71 220.91 113.04 71.43 60.1 42.25 29.9120879120879 -9999 -9999 -9999 -9999
603.73 494.82 505.82 611.63 553.16 526.61 458.09 363.69 299.08 325.68 353.71 320.3 314.01 308.73 313.79 320.47 347.52 375.24 398.54 407.12 440.89 451.97 444.39 426.1 438.18 478.27 494.27 519.35 535.22 477.12 488.09 516.33 568.27 619.47 880.36 1059.14 1128.69 1417.2 1841.31 1783.54 1729.95 1500.08 1461.17 1384.42 1270.35 1156.49 -9999 -9999 1148.38 1168.25 1245.39 1310.73 1459.1 1738.54 1970.98 1175.27 1060.12 1592.92 1400.73 1064.65 805.03 541.41 317.28 197.5 102.64 41.49 36.3 19.719298245614 -9999 -9999 -9999 -9999 -9999
644.52 572.51 602.64 680.44 666.82 643.95 588.49 417.25 384 370.29 335.02 308.09 321.08 318.05 319.47 321.65 335.77 372.56 405.41 436.59 435.18 483.76 482.88 473.67 460.86 471.54 526.11 523.23 500.08 483.52 493.2 522.27 573 598.33 649.99 735.07 1100.13 1695.83 1734.21 2058.53 1647.16 1425.06 1463.31 1383.68 1307.11 1163.13 1175.24 1154.64 1159.76 1158.89 1237.43 1340.97 1500.96 1726.67 1572.1 881.05 1367.19 1407.73 1190.8 1118.15 827.43 489.73 296.95 201.14 138.16 30.1458333333333 15.5555555555556 -9999 -9999 -9999 -9999 -9999 -9999
544.39 570.8 593.07 650.21 592.89 533.69 538.37 459.77 418.79 356.01 319.53 318.28 322.27 325.36 346.74 353.19 373.75 391.14 411.38 443.43 474.34 481.08 516.39 532.37 518.46 504.39 505.53 544.97 504.45 491.6 504.87 505.6 566.68 630.08 651.01 753.64 1012.4 1456.14 1682.49 1687.96 1705.14 1587.91 1493.55 1392.95 1321.58 1188.62 1258.55 1193.75 1191.22 1224.36 1296.03 1431.95 1608.82 1668.59 1759.53 1351.89 1339.56 1303.81 1753.81 1293.32 880.12 526.88 309.77 189.1 157.49 65.3934426229508 -9999 -9999 -9999 -9999 -9999 -9999 -9999
441.21 515.04 590.94 567.97 582.89 552.94 580.24 530.2 429.87 356.61 312.63 338.25 357.21 356.54 357.23 362.19 377.99 387.64 403.26 415.78 453.16 467.55 475.07 494.33 503.2 507.1 536.32 558.17 520.25 487.96 500.52 521.11 576.01 657.16 713.59 932.1 986.76 1778.85 2280.28 1165.91 1788.37 1582.95 1489.33 1309.32 1223.17 1211.7 1256.37 1197.68 1188.8 1228.03 1272.38 1349.93 1597.71 1626.26 1844.14 1282.1 1386.23 1501.24 1698.46 1242.83 934.88 676.38 362.86 213.06 115.63 -9999 -9999 -9999 -9999 -9999 -9999 -9999 -9999
330.57 474.57 534.55 469.26 497.66 626.83 654.63 521.3 525.71 419.1 338.38 339.32 347.71 353.98 364.2 389.42 423.88 427.07 448.75 441.67 448.01 464.71 489.23 533.52 532.71 516.61 517.67 530.25 509.58 513.67 510.57 518.74 589.8 656.86 683.06 802.85 1221.11 1790.66 2118.81 1282.59 1875.84 1508.22 1292.02 1213.13 1153.72 1173.83 1198.7 1191.07 1188.49 1151.43 1134.44 1147.34 1230.65 1228.32 1458.12 1094.13 1300.74 1055.69 925.67 879.06 854.55 729.39 424.83 255.69 142.571428571429 -9999 -9999 -9999 -9999 -9999 -9999 -9999 -9999
