All_rasters_2/NDVIannualMean.asc
NCOLS 176 
NROWS 173 
XLLCORNER -17.5416666666667 
YLLCORNER -34.7083333333333 
CELLSIZE 0.416666666666667 
NODATA_value -9999 
[rows 25 to 49 of 173, columns 0 to 56 of 176]
-9999 -9999 -9999 -9999 -9999 -9999 -9999 -9999 -9999 940.286404418945 1003.50360412598 1011.51000427246 1040.66759887695 1038.70479980469 845.427599487305 874.706798706055 984.419598388672 1031.95239990234 1126.07760131836 964.930800170898 856.237601928711 820.883601074219 914.706000976562 867.893600463867 866.91280090332 832.94880065918 796.686799926758 874.034802246094 779.428400878906 755.958399658203 699.978798828125 806.881197509766 806.396001586914 866.96639831543 977.650802001953 1132.21440307617 1089.84240112305 1000.38479919434 968.080001220703 948.794397583008 882.509996948242 983.702401733398 1006.86919677734 984.091999511719 991.839599609375 940.450399780273 940.535997924805 963.334403076172 891.370401611328 823.161999511719 762.72119934082 899.930798950195 897.283197631836 981.990394897461 1052.4024041748 973.539603271484 1053.47639892578
-9999 -9999 -9999 -9999 -9999 -9999 -9999 -9999 968.081806654341 1028.75439758301 905.675600585937 996.292399902344 1022.26760253906 1074.50039794922 917.032401123047 841.133201293945 895.891602783203 873.832797241211 912.957999267578 893.27200012207 794.839203491211 750.977598266602 782.253197631836 834.939602661133 787.943196411133 737.229199829102 807.867603149414 866.3916015625 611.416399536133 666.104800720215 733.183198852539 771.57880065918 872.523596191406 913.30719909668 1010.03280395508 1139.37920532227 1117.07919555664 1016.78040283203 972.588799438477 937.243200683594 941.38639831543 923.111198730469 975.375599365234 963.4983984375 953.851201782227 886.345195922852 864.347200927734 885.857201538086 797.995999145508 795.696000366211 844.766397705078 913.462397460937 910.566400756836 1040.89399841309 791.720399169922 996.982795410156 1101.52960327148
-9999 -9999 -9999 -9999 -9999 -9999 -9999 1038.28813763787 1006.19880187988 967.873999023437 902.840400390625 1077.28559448242 1070.36960144043 1047.783203125 885.194801635742 901.809602661133 935.986799316406 935.934800415039 881.375600585937 845.076002197266 837.631196289062 771.422398681641 692.036398925781 770.60360168457 862.847598876953 913.948399047852 1000.06079833984 714.955999145508 759.427998657227 756.997600708008 735.839598083496 819.096002197266 936.318799438477 931.435201416016 994.073200073242 1123.27359802246 1095.73719787598 1022.76639953613 973.652001342773 953.583200683594 935.234398803711 928.014400634766 968.297193603516 945.745999145508 922.051600952148 863.386799316406 929.765600585937 956.055199584961 949.080799560547 910.304799194336 1023.26519897461 1032.6516027832 1127.2783984375 1045.27319732666 606.606395111084 808.080799560547 764.393999633789
-9999 -9999 -9999 -9999 -9999 -9999 -9999 1035.62160339355 908.190399169922 894.107197265625 1016.20839904785 1052.1924017334 1052.76799865723 915.589998779297 878.716398925781 886.259202880859 894.368401489258 777.560796508789 846.281198120117 816.716000366211 882.969202880859 810.921201171875 710.31880065918 748.729203491211 840.050800170898 966.959200439453 898.58639831543 717.195599365234 878.064793701172 782.662802429199 833.23320098877 887.709201049805 888.483595275879 913.196798706055 1005.51199890137 1021.85200378418 1051.55801025391 1024.99800048828 983.311598510742 959.973198852539 942.90799987793 965.131600341797 966.967601928711 935.063601074219 823.988002319336 809.468394775391 897.149202880859 959.586400146484 939.270798950195 1013.44920043945 879.397198486328 1114.72639587402 1160.96239746094 823.093201904297 686.571996765137 844.72799987793 854.809600524902
-9999 -9999 -9999 -9999 -9999 -9999 1040.75981667259 898.473197631836 974.917197875977 958.435595703125 1072.60880493164 1044.06920043945 1024.79000244141 796.648798217773 860.155599975586 881.748001708984 774.171998901367 649.780799560547 773.593999023438 873.039200439453 922.826002197266 856.571200561523 824.560401000977 821.955202026367 835.010401000977 748.283598022461 752.246000366211 996.575596923828 877.465598144531 876.962000732422 822.353200378418 588.684800415039 687.165601196289 776.96520111084 827.49119934082 989.655995483398 1024.80040161133 1001.47800048828 951.907197875977 963.854398803711 959.387199707031 969.65 957.050802001953 946.185601806641 954.413599853516 934.970802001953 872.920802612305 904.320000610352 968.51479675293 992.771603393555 875.415599365234 1034.36600036621 914.423199462891 769.972801513672 778.440000610352 826.686402587891 742.800400085449
-9999 -9999 -9999 -9999 -9999 -9999 969.808180646199 962.01039855957 934.643198242188 957.641204223633 1063.35079833984 977.587998657227 773.419200439453 649.285198974609 699.155602111816 781.162799072266 698.79880065918 676.391200561523 763.292799072266 745.577198486328 803.411997680664 872.340801391602 886.744802246094 874.001998901367 726.698399658203 725.674396362305 759.807602844238 917.202001647949 693.570401306152 764.773201293945 770.525998535156 915.754398193359 986.029201660156 1074.00479919434 1110.15679443359 1038.57600158691 991.885601196289 958.886399536133 933.68879699707 970.780399780273 1013.38999755859 994.407996826172 987.758799438477 1001.96759765625 979.443602905273 969.576796875 923.222793579102 1004.62839782715 996.472398071289 1037.21920043945 904.180399169922 935.66479675293 814.578403320313 831.693602905273 872.47080078125 982.857197875977 863.23559753418
-9999 -9999 -9999 -9999 -9999 973.133739875345 943.189199829102 920.684799804687 977.954000244141 1012.77319702148 1050.54159851074 692.212001953125 560.36080078125 528.883600769043 621.949599609375 696.149599609375 718.948801269531 772.079199829102 743.836000366211 732.446802368164 732.930401000977 799.985603637695 834.258000488281 780.286398925781 722.543600463867 765.392802581787 716.606002044678 722.05800201416 871.356397094727 1119.27679992676 1181.88960083008 1142.44999694824 1085.22319946289 1059.70200378418 1026.98680297852 1032.62799743652 925.23799987793 957.084000854492 966.854398193359 1021.66920654297 1056.15000610352 1039.51959838867 1044.11279907227 1059.54879760742 1033.55960449219 989.264797973633 926.962797241211 980.146799316406 1045.62920471191 1113.33680053711 942.006398925781 909.247601318359 823.836802978516 961.81120300293 844.202397460938 1004.33480163574 898.410798339844
-9999 -9999 -9999 -9999 916.497910635812 968.892802124023 909.187998657227 1023.60159851074 1023.00039916992 1041.66840454102 886.210001220703 799.267999267578 594.629596252441 618.682399902344 670.716799926758 732.249201660156 774.214000244141 810.085604248047 764.846399536133 698.902399902344 658.88040222168 802.249600219727 768.358803710938 663.703603515625 682.002001037598 833.947600708008 894.885999755859 1121.7551965332 1179.49199951172 1095.43879699707 1056.72519897461 1027.46600280762 1006.70320068359 1018.01280090332 1056.66359924316 970.270400390625 895.481602783203 956.66719909668 1006.86719665527 1076.07800170898 1077.96559936523 1077.83840087891 1098.73560180664 1115.42519165039 1086.08600830078 1065.15600402832 1002.91480407715 1005.18679443359 1105.29280212402 1022.05359619141 919.946000366211 935.219994506836 855.485999755859 913.722799682617 893.104398803711 952.426400756836 940.958800048828
-9999 -9999 -9999 873.06283416748 991.166398925781 947.44319519043 938.752401123047 913.213200683594 899.616401977539 951.603198242188 927.90959777832 782.002001342773 753.734000854492 780.897600097656 838.552401123047 883.440401000977 840.072398681641 757.043998413086 685.822803344727 663.355601196289 642.718401794434 741.194399414062 670.506798400879 681.168799743652 955.666000061035 1083.19 1118.3216015625 1064.40560058594 1039.25359863281 999.059198608398 940.192400512695 976.670798339844 979.575200805664 1020.93559875488 987.800798950195 905.768799438477 835.569598388672 978.438397827148 1041.97640014648 1103.68800048828 1121.47920043945 1105.28120605469 1099.19 1086.33039794922 1074.41678833008 1056.40559753418 1012.05439697266 1006.55439453125 1126.50759887695 1030.82640014648 889.914802246094 897.111599731445 854.969198608398 942.045598754883 975.938796386719 935.780799560547 899.590800170898
-9999 -9999 -9999 883.436100657393 909.985999145508 910.167600097656 868.87879699707 873.307197875977 943.295599365234 957.658401489258 969.032801513672 884.705598754883 867.314799804687 918.691198730469 940.031599121094 915.356402587891 783.417598876953 729.381203613281 758.941600341797 841.846398925781 815.731199951172 818.736399536133 785.759196777344 929.10399597168 1036.44319702148 1038.41039978027 1025.27399536133 1030.52560302734 1090.52119384766 1072.01240112305 1044.74799865723 1025.1008001709 952.960001831055 911.510404663086 902.304400634766 959.920801391602 1011.32119873047 1046.64400085449 1052.38480163574 1102.43760253906 1106.59760498047 1091.29319763184 1051.78280029297 1033.16720214844 1044.21600097656 1058.83879882812 1051.16559875488 1123.8067956543 1167.9232019043 1034.11520324707 895.900800170898 866.445198974609 852.161598510742 997.13520324707 1004.11640014648 950.730396118164 973.700797729492
-9999 -9999 -9999 854.146798706055 899.696799316406 816.86 815.439598999023 819.258399658203 889.359599609375 1045.79639770508 1152.50880432129 856.254800109863 930.652000427246 950.259199829102 910.905997314453 880.337200927734 902.327999267578 936.578001098633 953.076398925781 1000.25359375 934.32240234375 934.019598388672 1003.38519775391 988.511597900391 1010.99600036621 1009.18680358887 1090.04240234375 1148.60240356445 1260.34759765625 1253.35439697266 1250.94519897461 1216.14519897461 1049.42679870605 999.203999023438 976.569602050781 1019.89159851074 1061.87840454102 1082.10239807129 1070.48800170898 1079.74600341797 1022.76200012207 1017.36320007324 1047.42479797363 1066.84080078125 1055.6392010498 1034.17200134277 1043.42279968262 1069.0724041748 1022.22719909668 930.249599609375 905.265201416016 873.024799194336 867.766401977539 889.897999267578 954.067197875977 1020.6859954834 1016.20200073242
-9999 -9999 875.724258915071 882.50960144043 793.79440246582 714.925602416992 781.194799194336 699.328800048828 818.687600708008 988.64719909668 1175.19279907227 1088.3767980957 977.519202270508 985.963196411133 1009.44119934082 1005.39799682617 986.702398681641 980.728801879883 989.517600708008 983.48 952.442797241211 997.212402954102 1003.46719787598 1004.18280334473 994.426397705078 1104.10679382324 1123.1464050293 1178.23839599609 1224.79400512695 1203.37680053711 1246.33960449219 1220.30880004883 1138.98200439453 1092.16039489746 1071.48200378418 1062.64799987793 1094.6119909668 1065.63040222168 1025.00639953613 1000.23000061035 940.107998657227 940.552001953125 972.169602661133 998.348803100586 1017.49440185547 1026.64320007324 1023.82880554199 1015.80520019531 1008.27239868164 970.360798339844 915.074398803711 833.63040222168 846.186403198242 863.905201416016 834.224002685547 828.1683984375 845.608004150391
-9999 919.265955528846 918.935201416016 847.69200012207 736.617599487305 745.619201660156 735.500796508789 674.480396728516 805.689602050781 1020.64680114746 1096.02560180664 1028.06959594727 913.666399536133 955.386000976563 950.773197631836 993.673201293945 989.187598876953 980.137598876953 985.21080078125 1009.12600280762 1063.11839355469 1066.12160400391 1127.2608026123 1118.13279907227 1124.49640136719 1066.50600524902 1101.07680175781 1187.04199829102 1191.29199707031 1158.54439575195 1109.76280029297 1060.06199768066 1070.83039550781 1093.61360229492 1096.66519592285 1101.31640014648 1055.08080078125 994.573200683594 952.272397460938 872.882399902344 796.524002075195 907.777999267578 926.722397460937 916.890797729492 994.40280090332 1021.61039794922 1039.66999816895 1042.7664050293 971.265604248047 974.445998535156 860.98799987793 861.721198730469 926.079596557617 900.006800537109 869.859202270508 835.507998046875 833.732399291992
-9999 908.37670512139 897.440797729492 795.586402587891 738.795599975586 714.876798706055 728.380800170898 854.592001342773 958.231199951172 1030.54079833984 1080.96079528809 966.370802612305 906.637200012207 874.619999694824 929.818798828125 909.215199584961 988.738400878906 1007.89960144043 1004.17639892578 1000.94880187988 1033.68479858398 1071.96200073242 1071.57399963379 1127.16600219727 1153.46480834961 1049.2383972168 1080.93999572754 1149.22240356445 1111.14560302734 1106.5740045166 1046.73799926758 1035.34239929199 1027.53799621582 1020.44240112305 1042.65039855957 1032.95959960937 958.135198974609 917.679598999023 871.320399780273 848.103200073242 810.654002075195 881.984003295898 932.878802490234 939.916800537109 953.328401489258 979.676399536133 1010.95719787598 1026.63639831543 982.22520324707 980.434398803711 877.430400390625 873.595198974609 915.517200317383 909.980801391602 897.768799438477 898.8183984375 910.327597045898
-9999 747.168733637384 856.255154418945 785.748799438477 773.829198608398 839.098001708984 989.892398681641 919.237196044922 933.896799316406 1024.39359985352 1038.83360412598 911.002797851562 719.796400756836 912.797603759766 944.501598510742 943.017999267578 988.715999145508 990.654798583984 999.738399047852 1019.54680236816 1041.85520080566 1094.34399902344 1155.48680175781 1210.80799682617 1226.90959472656 1173.74639526367 1060.91920166016 1082.99720092773 1048.26000183105 991.241597900391 951.713596191406 948.960399780273 964.020802612305 960.272398681641 928.038400268555 878.392401123047 869.362000732422 824.212798461914 814.766798095703 858.622799682617 845.309600830078 900.741998901367 966.808399047852 935.15719909668 963.99639831543 978.581199951172 967.505998535156 1006.99959838867 952.289204101563 950.678799438477 900.600399780273 909.329200439453 921.437600708008 911.790801391602 963.898399658203 970.196401367187 970.872001953125
-9999 -9999 785.719288465712 958.925471191406 920.957202758789 995.689995727539 951.281597900391 1017.38039916992 1035.91799743652 968.484000854492 972.606793823242 914.346000366211 957.513599243164 928.072802734375 901.454401855469 959.307598266602 970.236399536133 955.216401367187 966.103602294922 985.821599121094 1024.79479980469 1056.49039733887 1085.77760864258 1111.18399780273 1090.25600219727 1035.20560058594 941.162796630859 874.975200195312 839.509599609375 836.776399536133 840.571201171875 846.390798950195 863.569600219727 875.830399780273 870.617596435547 857.943200683594 873.231996459961 878.855200805664 893.880400390625 870.356801757812 961.706801147461 982.015997924805 1044.56399597168 1012.56120178223 1045.63039733887 1007.75400085449 1046.05680358887 1158.19199829102 1033.00360290527 1001.00280151367 848.757995605469 873.63639831543 969.776401977539 992.542399291992 1049.95560119629 1000.25359741211 1000.25560302734
-9999 -9999 -9999 1000.40103085836 1096.98240356445 1000.09440490723 1064.48760498047 1012.41840148926 889.941604003906 1001.46479614258 1021.85800170898 968.282002563477 914.094398193359 901.433200073242 953.574799194336 924.364400024414 884.008000488281 897.401599731445 974.948799438477 996.563598022461 1000.15679992676 1009.15959838867 1010.01680236816 987.813999633789 956.909201049805 925.575197143555 888.011198120117 861.278399047852 851.175200195313 830.697202148438 813.521597290039 810.972801513672 818.591200561523 844.28119934082 863.010401611328 855.68799987793 856.982799682617 895.580797119141 938.624001464844 916.089603881836 917.150800170898 986.294000244141 1027.98119995117 1073.84040161133 1176.10759643555 1095.95959899902 1073.4200012207 1156.4624017334 1159.40639892578 1029.00680175781 913.593198852539 888.603599243164 981.906402587891 1014.42039978027 1020.38280456543 1010.71480041504 950.408400878906
-9999 -9999 -9999 1122.74323557844 1154.85 1128.64600463867 1036.92920349121 894.743998413086 930.964000854492 992.662401123047 999.194800415039 966.803595581055 913.123999023437 888.488797607422 904.587601318359 893.450798339844 882.30799987793 903.564396362305 977.184000854492 980.662401733398 978.082796020508 967.453198852539 950.107202148438 923.437998046875 899.252798461914 884.148400268555 875.263599243164 870.541998291016 849.713996582031 848.875199584961 824.586398925781 814.416799316406 810.369999389648 813.386400146484 807.334398193359 811.105999145508 802.71959777832 870.946002807617 934.512003173828 950.196800537109 955.88240234375 934.861999511719 981.12919921875 1024.9924041748 1187.45560241699 1174.83399719238 1098.88160461426 1064.29479919434 1062.60960632324 1013.09880004883 1055.9151940918 1083.03440002441 1093.95119628906 1051.26239624023 1026.45839660645 1007.84039794922 1010.27880249023
-9999 -9999 -9999 1142.1273425293 1156.35880004883 1196.04000732422 1038.04079711914 992.406405639648 1033.68920166016 1029.63080444336 1004.3908026123 1009.55000549316 978.04200378418 969.019999389648 1006.61840270996 1025.46599731445 1017.73480285645 955.288400268555 970.556796875 974.296800537109 958.315198364258 948.04080078125 931.178400268555 904.588400878906 896.898799438477 878.011597900391 862.203197631836 863.455600585938 864.151198730469 865.186798706055 822.133201293945 807.091197509766 839.427201538086 843.251596679688 812.900002441406 821.577198486328 850.520802612305 883.102802124023 921.713200683594 948.570797729492 991.26040222168 1079.77959716797 967.030001831055 1101.35960205078 1133.21999633789 1173.11680175781 1164.90080078125 1059.04400085449 1038.61119934082 1050.08720336914 1063.32040039063 1058.81760131836 1041.1424017334 1034.21680114746 1030.27800170898 1057.34279846191 1084.68440185547
-9999 -9999 -9999 850.962516589042 887.803200073242 1116.79799865723 1127.30840148926 1088.96239807129 1042.22719787598 1042.29760009766 1119.67640075684 1106.07760070801 1072.68600158691 1142.41400268555 1158.60920043945 1197.99799377441 1159.46319946289 1096.0416003418 1020.28440124512 982.654400634766 1010.04760009766 955.393999023437 898.685996704102 848.454802246094 837.261999511719 818.717203979492 868.353598632812 904.712001342773 911.255600585937 873.985998535156 835.121199951172 834.895997314453 870.825198364258 892.028800048828 904.048401489258 898.985596313477 901.286798095703 912.125598144531 917.82960144043 952.081603393555 999.754801025391 1020.93240112305 1023.19919372559 1154.19959655762 1189.65879638672 1153.02039855957 1143.70399780273 1121.7448059082 1090.43479858398 1112.86239746094 1076.11239562988 1076.85119873047 1057.20280029297 1040.70040527344 1059.51800964355 1058.15799926758 1054.78399475098
-9999 -9999 -9999 893.421229248047 1001.62760314941 1219.49000610352 1216.41919067383 1200.31199645996 1213.8732019043 1266.05599975586 1272.61599609375 1204.17599853516 1192.05719909668 1238.00079223633 1223.85440612793 1116.03719848633 1049.94039733887 1049.78039978027 1003.37639953613 1061.94800354004 1017.58079650879 968.677998046875 919.62959777832 883.00799987793 820.130399780273 774.343198242188 771.856401977539 855.241999511719 874.648402099609 839.77919921875 834.719599609375 865.63719909668 957.356798706055 980.104400024414 1014.35880126953 1025.21679992676 1018.49600097656 1013.39319946289 972.864401855469 943.718399047852 957.458399658203 970.888003540039 1080.3708026123 1210.33439941406 1204.15120361328 1192.34319580078 1176.34400146484 1128.5975982666 1129.79440063477 1079.81639709473 1061.10000183105 1071.73719726562 1098.3188067627 1098.89360046387 1080.73119262695 1080.65319824219 1084.68639648438
-9999 -9999 -9999 1105.01085383718 1307.29599731445 1306.68560180664 1362.84040161133 1349.14840209961 1366.07199951172 1408.12040527344 1398.65959594727 1344.87519897461 1293.09200073242 1274.67080322266 1255.38879882812 1175.72280151367 1113.92319946289 1079.94079956055 1060.99320251465 1007.83360046387 983.804398193359 966.536801147461 1023.83720214844 1039.76359924316 1066.89159362793 1005.47239624023 908.407202148437 804.73080078125 778.623598022461 766.135598754883 785.044002685547 891.51080078125 1020.43320007324 1085.0759942627 1114.91760314941 1133.93479858398 1136.01999694824 1169.08319946289 1104.81039794922 1027.22280273437 974.025599365234 955.618799438477 1120.48360229492 1300.42079589844 1232.20519775391 1238.79360229492 1225.31000854492 1179.48280517578 1141.42640197754 1147.37239868164 1148.30520080566 1117.00960327148 1090.26719787598 1086.46639526367 1094.84880126953 1143.61000305176 1207.32719482422
-9999 -9999 -9999 1273.51907574689 1538.27400512695 1529.49559814453 1515.57960327148 1566.74079956055 1598.41999389648 1644.13119750977 1633.07960327148 1440.67519897461 1336.4999987793 1274.90679931641 1365.20040161133 1358.5951965332 1352.20879882813 1353.59159423828 1309.06439819336 1207.49879760742 1200.44439941406 1156.46679443359 1118.4183984375 1125.93799621582 1137.03920532227 1187.80440307617 1193.3240020752 1056.12720153809 965.984400634766 937.960799560547 941.195999145508 1106.53759765625 1166.83199279785 1246.8116015625 1278.96199951172 1250.84079833984 1236.16920654297 1258.54119873047 1189.22080200195 1121.86120056152 1031.05440063477 1034.47560546875 1182.07320007324 1208.4599987793 1198.72600097656 1253.13480224609 1261.0099987793 1263.47040283203 1217.20319702148 1189.4967980957 1194.64919555664 1146.39119873047 1159.43600036621 1150.1119934082 1188.30439941406 1243.31680541992 1354.18279296875
-9999 -9999 -9999 1558.26653000404 1735.11279785156 1720.94799926758 1726.77840332031 1733.5283972168 1722.4283996582 1522.18359863281 1663.98439941406 1520.91680053711 1415.18519897461 1541.1600012207 1580.21919921875 1614.72800415039 1490.89519287109 1555.35 1510.08040771484 1403.39959960937 1424.11680053711 1357.24639404297 1316.71159790039 1394.66480224609 1341.64880249023 1329.92520263672 1356.21079589844 1291.86159667969 1227.8600012207 1254.36599975586 1324.76879882812 1377.69239624023 1388.44479614258 1410.57120361328 1421.63520263672 1421.17480224609 1371.17920410156 1331.77959716797 1286.17559936523 1195.95479919434 1125.81840087891 987.316398925781 1216.27200134277 1336.33560241699 1306.13280395508 1294.35520507812 1307.62080322266 1331.19999633789 1311.58440063477 1319.26840576172 1360.75319702148 1303.99639526367 1285.86120666504 1313.73200073242 1384.60679077148 1391.3700012207 1411.93759887695
-9999 -9999 -9999 2045.03360839844 2134.93239746094 2169.19760742188 1965.85720214844 1817.27279907227 1683.9400012207 1443.66319458008 1706.00359985352 1720.49600463867 1353.3751965332 1756.69000488281 1861.86079833984 1782.25840209961 1655.73479858398 1663.19960449219 1671.40480712891 1679.84320068359 1684.6400012207 1631.12640380859 1669.52840087891 1624.29920532227 1368.22439880371 1456.75279785156 1509.74000610352 1463.17640014648 1483.71320678711 1568.02960571289 1589.71279418945 1570.6883996582 1585.30918945313 1566.63439697266 1674.29280517578 1550.30960327148 1516.32520019531 1439.30599975586 1311.09320007324 1284.78079589844 1394.64039550781 1331.48360412598 1352.3027947998 1326.13959960937 1405.33639770508 1387.21560180664 1455.96280273437 1448.77599853516 1381.16599914551 1416.97200073242 1462.05360229492 1386.80079650879 1407.99559997559 1473.55319213867 1493.47039672852 1521.73200317383 1509.69880126953
