All_rasters_2/NDVIannualMean.asc
NCOLS 176 
NROWS 173 
XLLCORNER -17.5416666666667 
YLLCORNER -34.7083333333333 
CELLSIZE 0.416666666666667 
NODATA_value -9999 
[rows 100 to 124 of 173, columns 57 to 113 of 176]
-9999 -9999 -9999 -9999 -9999 -9999 -9999 -9999 -9999 -9999 -9999 -9999 -9999 4305.56486656552 4586.15319580078 4497.60678466797 5351.16879394531 5344.16719726562 5189.1363671875 5264.72241210938 5687.83081054688 5586.13440185547 5906.72560798645 5900.19761230469 5913.21157714844 6281.7255859375 6769.48478515625 6709.07120117188 6742.53198730469 6845.64077636719 6867.40201171875 6957.05802246094 7123.36362304687 7132.20718261719 7527.95638183594 7684.24601074219 7571.75840332031 7737.18881835937 7756.23399414063 7693.32840820313 7819.81801269531 7832.91279785156 7857.18361328125 6215.03641601563 6123.5116015625 6815.61840332031 7537.92200683594 7174.95440429687 7093.50878417969 7263.10958496094 7121.23239746094 7127.15723144531 7267.54360839844 6780.73280273437 6493.13719726563 1418.12520553589 4769.10159484863
-9999 -9999 -9999 -9999 -9999 -9999 -9999 -9999 -9999 -9999 -9999 -9999 -9999 -9999 4569.04643554687 4951.94238037109 4836.06800292969 5419.37601074219 4897.72720458984 4674.29879394531 5635.58359375 6363.31162597656 6651.68517578125 5829.69799804688 6297.0512109375 6862.34719726563 6722.16643066406 6942.29480957031 6748.54920410156 6613.03961914063 6946.29600097656 6352.58118652344 7010.92397949219 7257.14679199219 7040.56521972656 7409.97440917969 7559.617578125 7661.41278808594 7693.59442382813 7471.06080566406 7794.3887890625 7656.80000488281 7467.69640625 6647.09558105469 5868.91041503906 7035.4408203125 7322.43241210938 6868.68560546875 6885.63760253906 7265.23718261719 7161.1912109375 7657.99881347656 7617.88719238281 7136.18998046875 6583.89997558594 -9999 4202.26760925293
-9999 -9999 -9999 -9999 -9999 -9999 -9999 -9999 -9999 -9999 -9999 -9999 -9999 -9999 5041.92316927975 5287.79400878906 4827.67161132813 4972.57840332031 4761.80000244141 5444.3344140625 5574.5528125 5919.24879882812 6407.02641113281 6237.75679199219 6672.82841308594 7057.19440429688 6548.31959960937 6569.86439941406 6401.71118164062 6834.07520507812 6707.51880859375 5852.87161132813 6424.6483984375 6700.09203125 6424.6280078125 7444.05720703125 7550.5695703125 7563.46319824219 7464.97119628906 7752.76919433594 7387.97479980469 7802.783203125 7026.09919921875 6664.83478515625 5989.52399414063 6405.32760742187 6730.4744140625 6486.746015625 6727.43639648438 7004.38119140625 6837.01000488281 7302.98799804687 7196.28400390625 7355.55797363281 6979.85919433594 1906.58640075684 3004.94040100098
-9999 -9999 -9999 -9999 -9999 -9999 -9999 -9999 -9999 -9999 -9999 -9999 -9999 -9999 4262.47563362122 4934.53583496094 4536.55279876709 4907.55880126953 5239.84644042969 5596.23361816406 5799.67203125 5964.67720214844 6639.43360839844 6642.60319335937 6394.84358886719 6750.08040527344 6432.27639160156 6613.35239746094 6205.81761230469 5982.6571875 5959.89999023437 5572.22361816406 6157.25799316406 6191.59720703125 6505.58918945313 7022.00120605469 7634.77158203125 7556.94678222656 7082.79040039063 7245.35401855469 6121.91517578125 6815.48078613281 7229.33519042969 6872.73879882813 6033.38322753906 6255.60401367187 6380.26961914062 6570.91799804688 6549.15880371094 6636.90719238281 6906.29279296875 6873.40161132812 6702.79 6932.11397949219 6560.18520996094 3535.07680603027 1447.38119415283
-9999 -9999 -9999 -9999 -9999 -9999 -9999 -9999 -9999 -9999 -9999 -9999 -9999 -9999 -9999 4824.59856567383 5068.40762695313 5530.59042480469 5500.21120605469 6025.820390625 6404.08718261719 6117.08440429687 6851.50198242188 6972.76121582031 6586.25119628906 6723.42999511719 6885.37721679687 6442.82557128906 6199.67561035156 6080.45838867187 5742.62680175781 6121.42961425781 6201.37359863281 6162.08959960938 6564.39479003906 7256.01840332031 7483.67359375 7433.85001953125 7157.17919433594 6733.75639648437 6578.65639160156 5599.49038574219 6092.36641113281 6706.45603515625 6309.21280273438 6154.49639160156 6643.81278808594 6781.34000488281 6862.06760742188 6449.10519042969 6532.990390625 6637.70920898438 6610.49720703125 6752.46799316406 6390.18041503906 2862.71239349365 3670.10479766846
-9999 -9999 -9999 -9999 -9999 -9999 -9999 -9999 -9999 -9999 -9999 -9999 -9999 -9999 -9999 5175.26713193696 5500.038359375 5956.66201660156 5458.82639160156 6089.56359863281 6274.13599121094 6245.68081054688 6970.58560546875 7303.45080078125 7406.3319921875 7279.84801757813 7232.19199707031 6520.280390625 6526.12159667969 6472.39321289063 6043.05279785156 6414.79918457031 6643.4987890625 6440.76478027344 6655.82438476562 6799.95038574219 7497.19360839844 7071.76838378906 6988.2419921875 6607.75479003906 6324.87558105469 5783.93721191406 5697.91119140625 6366.66320800781 6684.71122070313 6366.00521972656 6416.87241699219 6710.7919921875 6805.8327734375 6465.80600585937 6820.483203125 6654.59559082031 6872.55519042969 6897.61518066406 6614.71559570312 5600.70721099853 783.618005523682
-9999 -9999 -9999 -9999 -9999 -9999 -9999 -9999 -9999 -9999 -9999 -9999 -9999 -9999 -9999 -9999 5277.01640136719 6399.47600097656 5398.78201171875 5677.15319824219 6442.81120117187 6445.23639160156 6730.943984375 7243.15122558594 7387.66279785156 6780.95039550781 7227.10598144531 7186.92721679687 6623.03000488281 6771.89477539062 6641.25879882812 6205.76559570312 6775.20439453125 6520.33518554688 6590.43399902344 6625.94640136719 6836.10880371094 6472.29836914063 6515.023984375 6790.7651953125 6698.72040039063 6135.10799316406 6191.24600097656 6346.32599609375 6360.20239257812 6346.67081054688 6473.65678222656 6554.95159667969 6785.78202148438 6533.64199707031 6481.75320800781 6624.21360839844 6901.75161621094 7116.95277832031 6773.84483398438 5969.94760253906 3594.34439254761
-9999 -9999 -9999 -9999 -9999 -9999 -9999 -9999 -9999 -9999 -9999 -9999 -9999 -9999 -9999 -9999 4913.76324327257 5362.45437988281 5857.55438964844 6172.77598632813 6673.76998535156 6607.8012109375 6778.95158203125 7140.19600585937 6569.0255859375 5609.25960449219 5908.0251953125 6740.39002441406 6903.18803710937 6694.479609375 6554.68440917969 6413.95 6827.56479003906 6618.65438476562 6604.37678710938 6504.47520019531 6437.24279785156 6378.34040039063 6594.77202636719 6979.215234375 6908.63081542969 6723.64362304688 6448.63761230469 6556.99201171875 6369.52842285156 6268.00799804688 6606.8048046875 6770.33521972656 6715.109609375 6410.52203613281 6397.02119140625 6503.77479492187 6645.70318359375 7097.44040039062 6572.06599121094 6410.77802734375 5808.79961425781
-9999 -9999 -9999 -9999 -9999 -9999 -9999 -9999 -9999 -9999 -9999 -9999 -9999 -9999 -9999 -9999 4966.913997728 5044.1176171875 6266.11278320313 6584.32999511719 7081.85159179688 6872.53960449219 6544.0408203125 7144.07399902344 7156.73721191406 6340.11359375 6050.70198730469 6244.06159667969 6720.22641113281 6758.92479980469 6616.44561523437 6507.26520507813 6608.3412109375 6669.26478515625 6800.27321289062 6716.47720214844 6215.63879394531 6594.28079589844 6726.40922363281 6868.21921386719 6741.47561523438 6571.26642578125 6451.76844238281 6302.8791796875 6249.24799804688 6402.2916015625 6462.47919433594 6576.44838378906 6767.59399414062 6350.53360778809 6514.03681396484 6957.26680175781 6649.97519042969 6644.10600585937 6869.05282226562 6508.98960449219 5767.48761230469
-9999 -9999 -9999 -9999 -9999 -9999 -9999 -9999 -9999 -9999 -9999 -9999 -9999 -9999 -9999 -9999 -9999 5227.75541834677 6141.86161132813 6967.91199707031 6991.6848046875 7159.05041992187 5988.73801269531 6674.78119628906 6856.76400390625 6459.907578125 6786.01961914062 6582.01198730469 7036.09198730469 6568.59401855469 6692.53360839844 6545.49879882812 6407.85797363281 6112.38319335937 6171.34840332031 6613.14479980469 6392.49161132813 6562.04281738281 6820.98681152344 6751.77639160156 6727.66397949219 6570.69399414063 6482.19799316406 6215.60438964844 6186.55599121094 6146.86919433594 6530.50999511719 6262.01559570312 5636.62040237427 6536.58278320312 6699.87160644531 6771.24119140625 6700.63879394531 6654.12357421875 6326.60081054688 6507.39160644531 6177.48840820312
-9999 -9999 -9999 -9999 -9999 -9999 -9999 -9999 -9999 -9999 -9999 -9999 -9999 -9999 -9999 -9999 -9999 4059.28492445356 5934.78758789063 7112.08241699219 6822.51759765625 6548.40680664063 6394.12920898437 6416.58878417969 6717.85641601562 6028.08560546875 6118.6380078125 6467.71439453125 6578.61160644531 6168.33362792969 6610.23719726562 6392.10721191406 6494.09039550781 6361.78198242188 6457.76879882812 6555.01520019531 6360.96840820313 6569.47198730469 6747.88601074219 6733.51079589844 6753.01919433594 6534.88840332031 6184.8148046875 6111.26279296875 6028.72680664062 6154.39279785156 6519.13481445312 6480.90798828125 4500.06560279846 6508.11800292969 5868.64560546875 6523.34198730469 6385.59680175781 5914.68398406982 1024.88119371414 6175.95079101563 3308.63799316406
-9999 -9999 -9999 -9999 -9999 -9999 -9999 -9999 -9999 -9999 -9999 -9999 -9999 -9999 -9999 -9999 3082.58153099647 4277.00357727051 5666.945625 6779.99203125 6986.60360839844 6262.78521484375 6481.41239746094 6378.40319335938 6588.30559570312 6391.37959472656 5573.59199707031 6014.38720703125 6558.42639160156 6689.429609375 6814.63317382813 6495.68001464844 6233.20120117188 6394.7571875 6236.70719726562 6352.17602050781 6225.67841308594 6477.22880859375 6629.03759765625 6594.48878417969 6614.61280273437 6508.88681640625 6423.66479492188 6305.61799804688 6363.68359863281 6650.15838378906 6658.31040039062 5742.67998657227 6606.86837890625 6349.11280273437 6224.9380078125 6192.21678710938 6328.23799316406 1278.78399688721 2632.4692098999 6304.36040039062 5856.31800201416
-9999 -9999 -9999 -9999 -9999 -9999 -9999 -9999 -9999 -9999 -9999 -9999 -9999 -9999 -9999 -9999 3577.03416341146 4653.04720947266 6113.346015625 6308.27479492187 6009.60440917969 5580.37357421875 6220.41680664062 6220.89318359375 5929.94560546875 6303.92520507813 6025.21399414062 5732.39278808594 6228.83803222656 6586.54842285156 6794.323203125 6728.51479003906 6352.65319335938 6143.37920898437 5837.05881591797 6238.73958007813 6147.71319335937 6360.47761230469 6567.18000488281 6439.95839355469 6390.55439941406 6652.15959472656 6705.03001953125 6524.57319335938 6673.63319824219 6906.2751953125 6631.60361328125 6729.3448046875 6373.96641601563 6167.75719726563 5832.62040039063 6086.67478515625 6354.35600585937 3942.70600776672 6495.44120605469 6746.803984375 6528.06759765625
-9999 -9999 -9999 -9999 -9999 -9999 -9999 -9999 -9999 -9999 -9999 -9999 -9999 -9999 -9999 -9999 -9999 3712.302838456 5804.60239746094 6315.91961425781 6217.14240722656 6015.68640136719 6042.32438232422 6347.88201416016 6273.41041992187 6490.20600585938 6788.48080566406 6461.37719726562 6417.10116210937 6026.77798828125 6479.03759765625 6840.08561035156 6428.7883984375 6239.79678710938 6186.96840820313 6428.8676171875 6348.33438476563 6554.85601074219 6348.3744140625 6480.00519042969 6523.44119140625 6743.88200683594 6653.0772265625 6881.34600097656 6942.80240234375 7099.27600585937 6976.67000976562 6434.84040527344 6000.59480957031 5559.66881835938 5485.44279785156 6259.72760742188 6518.05838867188 5993.06121582031 6441.82479492187 6273.9080078125 6350.14961914062
-9999 -9999 -9999 -9999 -9999 -9999 -9999 -9999 -9999 -9999 -9999 -9999 -9999 -9999 -9999 -9999 -9999 4130.00576587434 4765.3828125 6112.41520996094 6086.59678710938 6465.60840332031 6630.06400878906 6537.69600097656 6245.46562011719 6101.26638671875 6207.50120117188 6148.93079101562 6751.80721191406 6519.4551953125 6950.22240722656 6794.56520507812 6306.75799316406 6396.08999511719 6322.51077636719 6556.53319824219 6763.84480957031 6794.49760253906 6427.09399414062 6460.77479980469 6612.38162109375 6531.27480957031 6668.21199707031 6786.45719238281 6941.23320800781 6835.77756835938 6290.67360107422 6029.56678710937 6303.94036132812 5927.94562011719 5691.35201171875 6109.17321289063 6417.2076171875 6036.43439453125 6504.93920410156 6298.88200195312 6212.19921386719
-9999 -9999 -9999 -9999 -9999 -9999 -9999 -9999 -9999 -9999 -9999 -9999 -9999 -9999 -9999 -9999 -9999 -9999 4205.04221377165 6601.2816015625 6000.41159179687 6339.5176171875 6617.77681640625 6411.68081054688 6695.760390625 6368.54918457031 6320.31322265625 6105.63081542969 6756.26080566406 6996.92798828125 7024.10159179688 6344.16919433594 6154.22278808594 5994.6663671875 6462.5683984375 6645.06276855469 6591.66358886719 6768.99440917969 6436.60119628906 6541.75958007812 6660.35799316406 6800.25041015625 6788.616015625 6626.97759277344 6746.48599609375 6205.26597412109 5312.46961303711 6228.96762695312 5913.02357421875 5701.72879638672 5962.95880859375 6281.3616015625 6610.40838867188 6429.96319824219 6083.34719726563 6047.91361328125 5403.03279579163
-9999 -9999 -9999 -9999 -9999 -9999 -9999 -9999 -9999 -9999 -9999 -9999 -9999 -9999 -9999 -9999 -9999 -9999 4218.57711874472 6439.17517578125 5909.36920898438 6115.30280761719 6315.113203125 5903.90759765625 6176.65040527344 6615.0383984375 6533.67642089844 6385.45561035156 6846.20040039062 6888.89799804687 6963.92198242188 6596.33520019531 6512.623984375 6540.86640625 6234.03602050781 6087.13759765625 5682.91639160156 5630.55279785156 6208.93240234375 6271.14358398438 6744.58520507812 6852.77479980469 6762.71080078125 6441.1319921875 6574.86598632812 6502.7323828125 6576.89322753906 6557.44158691406 6362.30200195312 6142.24478515625 6242.02518066406 6309.56477539063 6366.38997070313 6255.77438964844 5705.705625 5838.14639160156 1494.79600978851
-9999 -9999 -9999 -9999 -9999 -9999 -9999 -9999 -9999 -9999 -9999 -9999 -9999 -9999 -9999 -9999 -9999 -9999 5065.93492232921 6388.48881347656 6194.52197753906 5696.86520507812 5919.61840332031 5680.77720703125 5681.26439453125 5386.05959472656 5979.19479492187 6102.12879882812 6482.12797851562 6849.64920410156 6848.5508203125 6914.42640625 6273.47760498047 6246.98360351562 6124.97959960938 5065.78641601563 4649.13280273438 4903.39321044922 5706.93362792969 6132.2376171875 6541.03999511719 6844.58560058594 6660.84399414062 6419.35998535156 6441.65560546875 6342.59800292969 6686.57439941406 6609.33921875 6427.80838378906 6655.86479003906 5823.28322998047 5611.09322021484 6437.99840820313 6442.79921386719 6179.92119628906 5982.123984375 4776.60319816589
-9999 -9999 -9999 -9999 -9999 -9999 -9999 -9999 -9999 -9999 -9999 -9999 -9999 -9999 -9999 -9999 -9999 -9999 5304.74587249756 5868.46722167969 6183.149609375 5475.60799316406 5851.93198730469 5661.56199707031 5385.82638671875 5188.9363671875 5389.15920410156 5828.19437988281 6545.94682617187 6823.88599121094 6827.83960449219 6641.04481445312 6411.41401367188 6761.52599121094 6458.69359863281 4702.1951953125 4440.456796875 4483.07120605469 4733.82559570313 5388.45962158203 6733.00880371094 6711.67439941406 6816.22078613281 6730.39681152344 6762.18759765625 6693.50880859375 6521.51600097656 6653.82560546875 6156.86 6510.02478027344 6132.0687890625 6212.571171875 6572.07839355469 6406.43598632813 6134.44602050781 6231.866796875 5147.71879882812
-9999 -9999 -9999 -9999 -9999 -9999 -9999 -9999 -9999 -9999 -9999 -9999 -9999 -9999 -9999 -9999 -9999 2732.84032150795 5268.45360839844 5867.94761230469 6085.603984375 5835.21399414062 5525.496796875 5651.31041992188 5139.90799804688 5106.10559082031 5632.90280761719 6328.58798828125 6711.48238769531 6549.33242675781 6658.61400878906 6747.3219921875 6648.563984375 6650.036796875 6743.87798339844 5179.59638916016 5091.41559082031 4945.93963378906 4855.67119384766 6091.09520507813 6660.60001953125 6896.10400390625 7064.566796875 6855.6619921875 6817.57479980469 6568.7291796875 6597.94880859375 6278.81720214844 6511.48440429688 6552.413203125 6305.43361816406 5752.38120361328 5977.63319335937 6437.49040527344 6612.35319335937 6307.60080078125 5959.19559082031
-9999 -9999 -9999 -9999 -9999 -9999 -9999 -9999 -9999 -9999 -9999 -9999 -9999 -9999 -9999 -9999 2157.63909269634 3288.1907800293 5155.08321777344 5662.59041503906 5978.21362548828 5893.09358886719 4777.23080078125 5216.55683105469 5266.09602050781 5783.87878417969 6243.10281738281 6675.42517089844 6729.88358398438 6410.25041992187 6631.31039550781 6614.09919433594 6498.11001464844 6735.39721191406 6760.19039550781 6000.882421875 4581.04201171875 4848.43641113281 4943.98718261719 6050.43081054688 6782.67440429687 7092.07 7035.80280273438 7084.10239746094 7063.90882324219 6658.66437988281 6507.96600097656 6436.20681152344 6589.07479980469 6568.927578125 6509.53438476562 6307.33920410156 5494.70961669922 5557.97920410156 6528.0076171875 6517.09602539063 6437.65520507812
-9999 -9999 -9999 -9999 -9999 -9999 -9999 -9999 -9999 -9999 -9999 -9999 -9999 -9999 -9999 -9999 2561.61154296875 4208.80641113281 5250.67201171875 5200.12278320313 5620.64559570312 5065.15879394531 4962.20839355469 5189.71239990234 5831.53200195312 6086.97720214844 6512.65240722656 6687.24998046875 6724.09160644531 6150.20760742187 6291.76797851563 6420.91921386719 6537.62598632812 6494.48679199219 6667.64322265625 6683.46280273438 5750.39639160156 4576.48118652344 4136.77602294922 4670.68601074219 6243.1608203125 6710.99879882812 6145.77479980469 6600.92678710938 6409.83680664062 6362.23001464844 6484.4887890625 6430.73360351562 6616.21839355469 6592.68798339844 6466.06278320313 6375.22720214844 6079.35282714844 5571.67000976562 6296.76639648438 6521.21318359375 6142.3751953125
-9999 -9999 -9999 -9999 -9999 -9999 -9999 -9999 -9999 -9999 -9999 -9999 -9999 -9999 -9999 2175.17564546392 3940.03038574219 4867.54999511719 5456.59878417969 5433.02760498047 4679.24321289062 4810.15641845703 5305.84321289063 5632.88840332031 5955.9623828125 6106.98601074219 6432.61517089844 6531.80561523438 6425.64957519531 6577.60998046875 6548.55561035156 6555.37518066406 6107.06358886719 6281.45038574219 6384.63318847656 6517.11678710937 6100.6687890625 4744.72919433594 4534.07520996094 4202.63639404297 5297.01041015625 6702.68479003906 6718.10801269531 6632.32799804688 6604.22479980469 6286.75078125 6310.95320800781 6352.99441894531 6517.90078613281 6579.546796875 6354.32518554688 5961.14440429688 5759.75481445312 5896.37440917969 5780.990390625 5677.07760253906 5628.6595703125
-9999 -9999 -9999 -9999 -9999 -9999 -9999 -9999 -9999 -9999 -9999 -9999 -9999 -9999 -9999 2095.68039916992 3580.74359619141 4860.25440917969 5175.75 5134.33559814453 4802.16276367187 5371.21317871094 5789.58600585938 5896.68119628906 6217.29040039063 6270.44081054687 6165.02198730469 6269.19680664063 5878.36680908203 6387.89362304688 6273.29401855469 6321.93721191406 6294.67921386719 6355.27840820312 6244.58603515625 6554.66400390625 6566.65479980469 5648.85999511719 3937.42679443359 4167.44957519531 5149.54919921875 6253.04280761719 6640.24999511719 6940.53479980469 6357.38640136719 5780.16240234375 5877.91080566406 5939.98763183594 6037.34680175781 6430.68641601562 5906.23720703125 5367.50561523438 5500.28958984375 5366.96961425781 5144.22916992187 5228.69399414063 5852.10317871094
-9999 -9999 -9999 -9999 -9999 -9999 -9999 -9999 -9999 -9999 -9999 -9999 -9999 -9999 1489.22829127956 2300.39401123047 4119.61160400391 5222.94318603516 5301.38439208984 4952.49440429687 4647.73599121094 5021.33083251953 5581.63518554687 5691.50479492188 5614.35520019531 6024.51840820312 6034.2116015625 5551.73042480469 6092.53639160156 5923.84560058594 5935.42162353516 6165.41921386719 6138.90437988281 6180.47162597656 6254.85120117187 6157.10080078125 6408.2127734375 5306.21520751953 4126.95918212891 4141.36879882813 4640.02398925781 4959.53159423828 5894.72479980469 6291.94560546875 6267.6076171875 5856.02081054687 5898.21517578125 5166.01879882812 5540.946015625 5674.69319335938 5292.8323828125 5183.55762207031 5005.36319091797 4837.92322021484 5081.6387890625 5634.57356445313 5729.43798828125
