All_rasters_2/NDVIannualMean.asc
NCOLS 176 
NROWS 173 
XLLCORNER -17.5416666666667 
YLLCORNER -34.7083333333333 
CELLSIZE 0.416666666666667 
NODATA_value -9999 
[rows 75 to 99 of 173, columns 114 to 170 of 176]
5597.04319824219 5549.92799804687 5268.46881835938 5310.18440429688 5254.80079589844 4269.71717529297 4270.43521240234 4179.96401123047 4511.23601074219 4618.64960449219 4939.68558837891 5491.56920410156 5442.41881835938 5630.03600097656 5412.04037597656 6155.99242431641 5971.17801757813 5403.56040527344 4114.74480314255 6207.77801757813 6548.78958496094 6129.72280761719 5773.56083007813 4914.06520507812 4485.23801025391 3927.11719238281 3324.61439697266 3785.16279785156 3794.35920410156 3469.02400390625 2381.75118774414 2089.97519775391 1862.04560180664 2062.34881225586 2198.51959960937 2221.9928125 2488.43919677734 2429.13919433594 2149.43479370117 2005.92519897461 2108.22200317383 1852.58520385742 1702.48639770508 1752.66680419922 1715.15040405273 1465.29732993797 -9999 -9999 -9999 -9999 -9999 -9999 -9999 -9999 -9999 -9999 -9999
5937.01158691406 5767.96720703125 5545.27438964844 5053.61920410156 5287.66999511719 4211.93640869141 4066.52839599609 4287.89357910156 5062.82837890625 4588.38239013672 4561.47441162109 4515.60841796875 4469.81119140625 4376.32723144531 4511.36319580078 5910.61399414063 5060.21959716797 4968.98077880859 5077.11721191406 5103.02799316406 5351.60000732422 5148.93277832031 4802.68800292969 4429.25240478516 4222.15439208984 4036.09720458984 3592.18479736328 3751.75198730469 3160.28439697266 3155.28240478516 2803.43999267578 2278.80360107422 2183.8396081543 1951.74359741211 2129.80519897461 2153.34759521484 2347.7548034668 2422.66519287109 2151.34561157227 2107.38439208984 2246.28559570313 2021.84718505859 1763.06880126953 1938.3467956543 1598.61109438809 -9999 -9999 -9999 -9999 -9999 -9999 -9999 -9999 -9999 -9999 -9999 -9999
6476.286796875 6156.88239257813 5727.93598144531 5218.33882324219 5167.78721191406 4795.59440429687 4435.53559082031 4570.81921386719 4351.71398681641 4396.22759033203 4110.85960449219 3577.38200195312 3151.83279052734 2889.83480102539 3212.0699987793 4668.45518798828 4491.0719921875 4818.40641845703 4570.95838867187 4151.94280029297 4148.09922363281 4777.78000244141 4434.66040527344 3694.04518798828 3711.3983984375 3592.51720458984 3851.19399169922 3113.8516015625 2664.48960449219 2276.64479492188 2231.34080566406 2035.26000854492 1715.32719970703 1721.79400146484 1739.45279907227 2166.24639282227 2114.36480102539 2379.31439453125 2351.20639648438 2104.69399047852 2157.08559448242 2280.9135925293 2216.44559448242 2178.72762189593 -9999 -9999 -9999 -9999 -9999 -9999 -9999 -9999 -9999 -9999 -9999 -9999 -9999
6815.89159667969 6548.87638183594 6213.6423828125 5065.59080322266 5481.06919921875 5342.28440429688 5424.87282226562 4901.29318359375 4667.43200927734 3884.82478027344 3890.0851953125 2895.47160644531 3143.8491784668 2451.10838623047 2625.46959956169 2804.08000488281 2201.14239929199 4524.99280029297 4017.32440917969 4043.43760009766 3576.76240234375 4187.29360351563 3881.40001708984 4018.41438232422 3924.29760986328 3909.463203125 3582.43319335937 3127.17319824219 2195.93880126953 1855.81599731445 1960.45679443359 1864.63999755859 2100.10320556641 3240.12320556641 2917.15358642578 2233.7367956543 2091.78159545898 2491.03480224609 2662.06560058594 2304.86398803711 2307.36199707031 2480.57160644531 2350.926796875 1583.54486737932 -9999 -9999 -9999 -9999 -9999 -9999 -9999 -9999 -9999 -9999 -9999 -9999 -9999
6829.80521484375 6694.993203125 6412.81041015625 5671.56839355469 5829.39119628906 6222.33521484375 6227.61839355469 5439.72759765625 5639.18879882813 4975.12919189453 3763.13400878906 2641.70840209961 2057.69680664062 2007.7519921875 488.120401773453 2002.33360076904 2624.20159545898 3054.82399536133 3319.85560058594 3909.2048046875 3601.80720458984 3710.43759033203 3627.75240722656 3826.24839599609 3620.44 3790.81398925781 3248.66879638672 2646.84478149414 2082.20079833984 1822.40799316406 1912.60560791016 1855.30400268555 2485.79318603516 2834.38400390625 2896.28719482422 2810.41360351562 2337.61039916992 2540.66879150391 2798.60840087891 2739.39079833984 2521.80680419922 2482.34479614258 1395.3970313439 -9999 -9999 -9999 -9999 -9999 -9999 -9999 -9999 -9999 -9999 -9999 -9999 -9999 -9999
6967.85479980469 6992.68318359375 6615.63319335937 6278.14397949219 5922.58238769531 5735.08079589844 6979.96196777344 5828.06197753906 5073.29477294922 4914.25641357422 4420.25239746094 2220.1951965332 1916.52239868164 1664.206796875 169.813199005127 1514.55160232544 2052.63760375977 1764.41719848633 2021.39558837891 2912.30559814453 3896.27599121094 3783.86319824219 3781.01040283203 3612.29479248047 3459.75999023437 3459.81520019531 2588.85600830078 2513.02479980469 2354.59600219727 2071.47079345703 2072.54520019531 2351.31320068359 2989.23599609375 3493.12681640625 3450.77080078125 3313.43358886719 2858.41560058594 2528.40279907227 3024.49479492187 2779.73560058594 3297.57719238281 1869.63608858062 -9999 -9999 -9999 -9999 -9999 -9999 -9999 -9999 -9999 -9999 -9999 -9999 -9999 -9999 -9999
7183.7123828125 6952.47040527344 6192.69800292969 5993.80600097656 5923.20280761719 5746.78600097656 6036.7944140625 5695.53760742187 5718.42239746094 4947.95520996094 4637.46559570312 2978.82919921875 1983.22960083008 1307.46399902344 462.11560022831 1181.6480015564 1153.35039550781 1533.58199951172 2303.89240722656 2447.34119384766 3224.51160522461 3799.34520507813 3855.28679199219 3385.61840332031 3131.36039306641 3211.33158447266 3096.70438476563 3040.35879150391 2870.74080078125 2421.4451965332 2483.26238525391 3202.64681152344 3680.47359375 4364.67039794922 4160.45923339844 3711.11840820312 2967.90199707031 2757.66958740234 3371.51438476562 3509.00040649414 2188.79954635265 -9999 -9999 -9999 -9999 -9999 -9999 -9999 -9999 -9999 -9999 -9999 -9999 -9999 -9999 -9999 -9999
7224.61638183594 6540.8871875 5954.61559570313 6332.04558105469 6963.7055859375 6327.253203125 6222.40121582031 6092.54399414062 5584.30320800781 4614.66760009766 4075.14400878906 4162.62039794922 2366.55599487305 1477.203203125 1243.58760398865 411.200804931521 1409.64400695801 1394.37039794922 1474.39199584961 1598.13679321289 2434.25840209961 3216.21599609375 3084.53960449219 3007.79680419922 2925.19519775391 2866.99600341797 2814.81880615234 3138.91280273437 3337.12480712891 2824.68759765625 3073.18039794922 3548.19920654297 3597.51760009766 3673.32159423828 3711.98078125 3424.75518310547 2759.56440185547 3335.59480224609 3483.019609375 2380.3451778368 -9999 -9999 -9999 -9999 -9999 -9999 -9999 -9999 -9999 -9999 -9999 -9999 -9999 -9999 -9999 -9999 -9999
7510.93638671875 7057.94119628906 6263.06479980469 5836.93840820312 6349.51439453125 6836.70841308594 6402.53080078125 5893.326796875 5813.11163574219 5174.50439453125 4160.57521484375 4308.78439819336 2690.79399414062 1584.42279174805 1185.24119873047 552.88080581665 1933.49400337219 2020.23879394531 1480.34280029297 1939.97279663086 3035.97440673828 2895.00037597656 2416.58200439453 2759.8871875 2964.73160644531 2862.17879150391 3039.05400390625 3212.18840332031 3701.38039794922 3117.68640136719 3455.59280029297 3583.75840332031 3914.93400146484 3652.17438476562 3583.13680175781 2998.14080322266 2843.95480712891 4000.316796875 2696.48172679228 -9999 -9999 -9999 -9999 -9999 -9999 -9999 -9999 -9999 -9999 -9999 -9999 -9999 -9999 -9999 -9999 -9999 -9999
7743.40799316406 7239.48918457031 6173.9128030777 4333.81400512695 7030.84361816406 6917.53562011719 6404.34599121094 6028.60118652344 5726.41759765625 5406.31038574219 5052.42160400391 4516.04760742188 4698.13162109375 2744.32481323242 1705.18599853516 1649.5932019043 3162.18080566406 1787.14480102539 2194.28600585938 3410.0644140625 2274.30760009766 2119.13401367187 2075.39321411133 2384.07640258789 2774.47121582031 3056.36079589844 3208.80959960937 3240.49360107422 3541.90760986328 3080.18240478516 3665.50440185547 3871.97601074219 4006.19118652344 4321.78000488281 4136.75722412109 3641.63959716797 3209.4696617905 2543.48811420641 -9999 -9999 -9999 -9999 -9999 -9999 -9999 -9999 -9999 -9999 -9999 -9999 -9999 -9999 -9999 -9999 -9999 -9999 -9999
7280.42358398438 5852.08561065674 767.149993858337 5214.75039869309 6901.12284179688 6146.61640014648 4647.45918533325 5118.7487878418 5679.59358642578 5185.50120666504 5340.25239990234 5182.65999023438 4764.55520751953 4280.02878662109 2454.98560058594 1722.70239868164 3019.50799560547 3577.37399291992 2147.83520385742 2152.75801025391 1986.28399658203 1866.92239501953 1897.19919677734 2144.78159667969 2642.8648046875 2794.41839599609 3052.92520263672 3413.76599609375 3582.64520507812 3506.66039794922 3801.42719970703 4419.47479736328 4811.70078857422 5159.40397949219 4538.80680419922 3835.81755818112 -9999 -9999 -9999 -9999 -9999 -9999 -9999 -9999 -9999 -9999 -9999 -9999 -9999 -9999 -9999 -9999 -9999 -9999 -9999 -9999 -9999
6638.683203125 1428.56199670792 6184.83878601074 7020.11599609375 6537.56439941406 6341.47280273438 4679.05397827148 3818.38037124634 5636.47640136719 5576.20360839844 6202.32361816406 5600.24318603516 5365.67001464844 5489.96199951172 3744.12719970703 3561.83641601563 3971.74240478516 4370.79441162109 2675.35799316406 2475.00000488281 2001.45919921875 2267.70679931641 1931.38639282227 2220.40399658203 2496.45000488281 2587.76601074219 2881.28159423828 3343.22079589844 3545.03919189453 3748.50400390625 4332.06358642578 4976.02558105469 5241.57401367188 4408.51402404785 2800.2770169576 -9999 -9999 -9999 -9999 -9999 -9999 -9999 -9999 -9999 -9999 -9999 -9999 -9999 -9999 -9999 -9999 -9999 -9999 -9999 -9999 -9999 -9999
6933.01080566406 6579.40599853516 7541.90958984375 7209.30599121094 6945.90640625 7085.11718261719 7144.10520019531 6759.85 6390.5740234375 6101.76760253906 6334.82319580078 6361.03599609375 5944.68598632813 5893.09878662109 4272.50440673828 4777.13161865234 4426.60158691406 3159.71521240234 2962.74000732422 2701.33079345703 2620.82560424805 2086.51599487305 1979.1280090332 2474.44920898438 2837.23439208984 2749.88120361328 2907.50319335938 3207.67198486328 3364.61198730469 4224.05119628906 5161.85840820312 5357.60600585937 4359.23477518927 -9999 -9999 -9999 -9999 -9999 -9999 -9999 -9999 -9999 -9999 -9999 -9999 -9999 -9999 -9999 -9999 -9999 -9999 -9999 -9999 -9999 -9999 -9999 -9999
6950.70518066406 7418.96080566406 7322.49041503906 7138.6212109375 6775.65477661133 7367.42321289063 6823.55400634766 6716.7556237793 6124.26000061035 6470.65639160156 6247.40321289062 6362.75440917969 5961.69319335938 5827.93197509766 4586.11039886475 4916.58078857422 3647.79160400391 3452.64520996094 3289.51480957031 3781.62360351562 2999.48199951172 2243.59839233398 2161.22200073242 2174.23880737305 2726.02599975586 2885.62080810547 2773.68879638672 2984.38159912109 3382.62159667969 4981.30157226562 5435.89442382812 4352.92707116825 -9999 -9999 -9999 -9999 -9999 -9999 -9999 -9999 -9999 -9999 -9999 -9999 -9999 -9999 -9999 -9999 -9999 -9999 -9999 -9999 -9999 -9999 -9999 -9999 -9999
5862.87842128754 6941.20199707031 6838.89960449219 6665.87276367187 6601.93319396973 5089.80599182129 3167.41078985929 2696.01600448608 1244.03198869705 2838.73280487061 6308.23280273437 6558.13520507813 7035.86317382812 6897.51123046875 5068.56638916016 5694.26959472656 4519.17040527344 4993.09321533203 5882.85519042969 5113.18520996094 3600.13200927734 2798.62239013672 2695.26960449219 2456.87000732422 2583.44440429687 3163.85519042969 3631.33800292969 3751.65719482422 4877.62361328125 5052.97399658203 4299.20463793205 -9999 -9999 -9999 -9999 -9999 -9999 -9999 -9999 -9999 -9999 -9999 -9999 -9999 -9999 -9999 -9999 -9999 -9999 -9999 -9999 -9999 -9999 -9999 -9999 -9999 -9999
7182.51840820312 6505.70760253906 6196.9744140625 6171.02840820312 4896.45679611206 1549.3815990448 131.390805711746 -9999 -9999 31.2263995742798 3025.11479393959 4211.69798988342 6853.01120117187 6846.3119921875 5684.1148046875 6048.93401611328 6387.95278808594 6590.79078125 6267.59161621094 4254.12118164062 3917.79199462891 2949.97 2604.76119506836 2571.24319213867 2859.44200927734 3750.64720458984 3970.30839355469 4760.84840087891 5423.24599609375 4024.29620176373 -9999 -9999 -9999 -9999 -9999 -9999 -9999 -9999 -9999 -9999 -9999 -9999 -9999 -9999 -9999 -9999 -9999 -9999 -9999 -9999 -9999 -9999 -9999 -9999 -9999 -9999 -9999
6648.466796875 6273.60358398438 5683.49162353516 6147.33918457031 1822.17999595642 -9999 -9999 -9999 -9999 -9999 5941.60362792969 6739.55041992187 6977.29600585938 7180.26921386719 6483.57116699219 5054.95597747803 7184.71717773437 5496.53719970703 4580.3483984375 4395.31040527344 4157.85201904297 3414.45799072266 2687.03161621094 2541.35200317383 3095.66479980469 4207.43279052734 4412.1855859375 5336.20799804688 5426.32034179688 -9999 -9999 -9999 -9999 -9999 -9999 -9999 -9999 -9999 -9999 -9999 -9999 -9999 -9999 -9999 -9999 -9999 -9999 -9999 -9999 -9999 -9999 -9999 -9999 -9999 -9999 -9999 -9999
6009.61519042969 6140.48000976563 5928.44319335938 6220.50999511719 3338.8468170166 -9999 -9999 -9999 -9999 1715.13479761124 5895.22561035156 6573.33037109375 5533.9119921875 4181.153203125 4676.52442138672 4044.54479980469 5596.07800292969 4850.95200927734 4095.95879394531 4829.92360351562 4520.65238525391 3450.29881591797 2756.85959472656 2710.14359375 3440.29599853516 4149.28961181641 4966.70998535156 5974.31962402344 5031.10279992509 -9999 -9999 -9999 -9999 -9999 -9999 -9999 -9999 -9999 -9999 -9999 -9999 -9999 -9999 -9999 -9999 -9999 -9999 -9999 -9999 -9999 -9999 -9999 -9999 -9999 -9999 -9999 -9999
6047.46400878906 5649.12561279297 5947.73958740234 5703.5503692627 2366.42760903358 -9999 -9999 -9999 272.035997085571 4900.52799926758 5880.18437011719 5562.15839355469 5089.88721679687 4907.15318847656 4468.19360351562 3432.92439453125 3995.98041259766 4489.66879150391 4595.09637939453 4684.47760742188 4367.89837402344 3218.32399902344 2710.17000244141 3004.40840087891 3734.14759765625 4867.66601318359 6604.226796875 6321.86099018298 -9999 -9999 -9999 -9999 -9999 -9999 -9999 -9999 -9999 -9999 -9999 -9999 -9999 -9999 -9999 -9999 -9999 -9999 -9999 -9999 -9999 -9999 -9999 -9999 -9999 -9999 -9999 -9999 -9999
5622.61959960937 5509.7983972168 5370.14280273438 5306.18081176758 884.479605445862 -9999 -9999 1699.56999298096 3300.61159420013 4543.93442141533 5067.02758789062 5129.62719238281 4840.27557617188 4882.006796875 4462.72280090332 3280.81399780273 4146.60803222656 4181.75839355469 4203.863203125 4144.65355957031 4266.14160644531 3334.50400146484 2776.07920898437 3246.43520263672 4567.46198974609 5981.39080566406 6049.95652051904 -9999 -9999 -9999 -9999 -9999 -9999 -9999 -9999 -9999 -9999 -9999 -9999 -9999 -9999 -9999 -9999 -9999 -9999 -9999 -9999 -9999 -9999 -9999 -9999 -9999 -9999 -9999 -9999 -9999 -9999
5198.3072052002 6049.02397949219 5652.25 5825.2771875 3044.78159812927 3759.68480644226 1999.54320533752 1745.72919818878 1642.55919661999 4208.8091809082 4923.54721191406 4718.02681884766 3843.81638671875 3931.96959228516 2493.46761291504 4093.33358642578 4053.30760498047 3104.7067980957 3801.73761230469 4391.56278320313 3964.29481689453 3219.04800048828 2709.68320068359 4269.90839355469 5187.43023071289 5417.11115866268 -9999 -9999 -9999 -9999 -9999 -9999 -9999 -9999 -9999 -9999 -9999 -9999 -9999 -9999 -9999 -9999 -9999 -9999 -9999 -9999 -9999 -9999 -9999 -9999 -9999 -9999 -9999 -9999 -9999 -9999 -9999
6075.13837402344 5933.92802246094 5835.0671875 5678.26923828125 4835.18997039795 5524.54559570313 4522.82600769043 4201.28841369629 4430.89278808594 4340.29322753906 4804.304765625 4586.20878417969 3217.22040771484 3576.73520751953 3874.42760253906 3393.25721679688 2937.26078613281 3975.32319091797 3816.39401367188 4641.42600830078 3594.55439208984 2883.78840087891 2976.58760253906 5441.88001220703 5151.97548452524 -9999 -9999 -9999 -9999 -9999 -9999 -9999 -9999 -9999 -9999 -9999 -9999 -9999 -9999 -9999 -9999 -9999 -9999 -9999 -9999 -9999 -9999 -9999 -9999 -9999 -9999 -9999 -9999 -9999 -9999 -9999 -9999
5914.19279785156 5860.05040039063 5900.93079101562 5875.37321289062 5261.52600585937 5032.31359375 4562.70198730469 4315.64999267578 4098.40400634766 3917.46079101563 4459.52759277344 4360.82439208984 3658.34481658936 5524.94678466797 3978.56639526367 3740.3180078125 4806.41680664062 4852.33760509491 4895.18440429688 3586.47399169922 4137.263203125 2765.50919677734 3722.02642333984 5583.4670703125 -9999 -9999 -9999 -9999 -9999 -9999 -9999 -9999 -9999 -9999 -9999 -9999 -9999 -9999 -9999 -9999 -9999 -9999 -9999 -9999 -9999 -9999 -9999 -9999 -9999 -9999 -9999 -9999 -9999 -9999 -9999 -9999 -9999
5671.64919433594 5707.10440429688 6251.88838867187 6390.61200683594 6066.25480957031 4817.81362304688 4237.23920410156 4033.73201171875 3780.77760986328 3484.56599853516 3127.41079345703 3028.62239685059 2695.98240280151 4540.50520629883 3303.03239501953 3637.22080078125 3476.65440673828 3499.1291960144 4451.46719970703 3553.85519287109 4183.06399169922 3587.86118896484 4551.91441894531 5606.65111142113 -9999 -9999 -9999 -9999 -9999 -9999 -9999 -9999 -9999 -9999 -9999 -9999 -9999 -9999 -9999 -9999 -9999 -9999 -9999 -9999 -9999 -9999 -9999 -9999 -9999 -9999 -9999 -9999 -9999 -9999 -9999 -9999 -9999
5878.15318847656 6186.04761230469 6643.0112109375 5983.56240234375 6269.95280761719 4930.75717285156 4504.26040283203 3940.35000732422 3993.34157958984 3481.40520507813 3502.31239440918 3820.93800292969 4421.24441650391 5396.32718994141 4423.44681518555 4087.14719726562 3861.42360839844 3699.65759033203 3908.65919433594 4738.00798583984 3550.13680664062 4475.17797607422 5053.97160644531 -9999 -9999 -9999 -9999 -9999 -9999 -9999 -9999 -9999 -9999 -9999 -9999 -9999 -9999 -9999 -9999 -9999 -9999 -9999 -9999 -9999 -9999 -9999 -9999 -9999 -9999 -9999 -9999 -9999 -9999 -9999 -9999 -9999 -9999
