All_rasters_2/NDVIannualMean.asc
NCOLS 176 
NROWS 173 
XLLCORNER -17.5416666666667 
YLLCORNER -34.7083333333333 
CELLSIZE 0.416666666666667 
NODATA_value -9999 
[rows 75 to 99 of 173, columns 57 to 113 of 176]
5179.11919433594 4509.09759277344 5226.08560546875 5153.34636230469 4788.95000976562 5147.48479003906 5069.28202636719 5070.93042724609 5617.79078125 6097.24599121094 5592.45841918945 6451.5448046875 6387.31197753906 6526.45478515625 6652.83676757812 6785.33520019531 6764.78998046875 6699.24798828125 6569.747578125 6630.19400878906 6584.80761230469 6758.81919921875 6478.01040039063 6858.42879882812 6893.34599609375 6762.79521484375 6843.82158203125 6962.07440917969 7116.64639648438 7384.41040527344 7051.62878417969 7148.64119140625 7161.55439453125 7042.33119140625 6800.75880859375 6631.80238769531 6595.58919921875 6973.82157714844 7227.05481933594 7169.34401367187 7307.92119628906 7020.34558105469 7026.57359375 6860.47119628906 6841.62719238281 6933.15482421875 6986.23561523437 7171.95321289062 7001.72557617188 6642.1348046875 6613.24998046875 6160.8780078125 6220.67601074219 6180.46721191406 6036.58601074219 5932.37998046875 5805.946015625
4888.03881835938 4978.34400634766 5072.16961914063 5339.65317871094 5074.27721923828 4705.96680419922 4913.77358154297 5184.8628125 5224.73318847656 6013.12600097656 6056.97677246094 6584.17160644531 6770.24600585938 6513.5912109375 6544.07998046875 6656.274765625 6729.55961425781 6624.3372265625 6460.25881347656 6367.36759277344 6653.02038085938 6825.61040527344 6946.17360839844 6851.52917480469 6862.49278808594 6798.08638183594 6702.30399414063 6884.55520507813 6962.7816015625 7059.89919921875 7068.57520996094 7069.61041503906 6901.73639160156 7195.82239746094 6846.13880371094 6554.85760253906 6463.82560546875 6935.53201660156 6945.41440429687 7383.4780078125 7720.84201171875 7727.51679199219 7730.16280761719 7234.8887890625 6872.26520019531 6776.33038574219 6995.93439453125 7165.8951953125 7368.55677734375 7262.41438476563 7209.69997070312 6723.60601074219 6462.33163085937 6504.16360839844 6438.46559570312 6302.57440429688 6200.09080078125
5086.105625 5099.21720947266 4668.34079711914 4533.10879882813 4640.25961914062 4608.10038330078 4319.85401611328 5236.50279296875 5481.33637451172 6124.33841796875 5995.63438964844 6489.82602539062 6325.76680175781 6002.60198242187 5905.44520019531 6123.31681152344 6308.17759277344 6533.61920410156 6568.22958496094 6433.67039550781 6502.20560058594 6891.1083984375 6988.33479492188 6808.8312109375 6736.2916015625 6768.19440429688 6618.19958496094 6771.68038574219 6891.38839355469 6976.49239257812 7211.53682128906 6638.90122558594 6559.54919433594 7056.85199707031 6964.01761230469 6667.58437988281 7001.75600097656 6965.549609375 7218.28238769531 8016.41400390625 7762.83357421875 7720.94559570313 7395.20879882812 7089.80479003906 7071.88479980469 7022.44958984375 6936.59839355469 7033.25357421875 7213.90920898438 7469.91321777344 7390.34201171875 7248.29881347656 6982.14919433594 6680.77081054687 6613.86240234375 6754.186015625 6728.72362304688
4636.30400878906 3543.96201171875 3499.84550323486 4185.33757527669 4249.2175379136 3488.30970665077 4231.53989386308 5117.31001708984 5235.69159179688 5429.52637695312 5594.10158691406 5885.93479492188 5443.94715820312 5473.49358398437 5595.33041992187 5958.77038085938 6171.14360351562 6366.68761230469 6155.23797851563 6428.12240234375 6330.57520507812 6832.36000488281 6768.65560546875 7162.41721679688 6758.013203125 6806.63516601563 6718.74838867187 6944.11758789063 6740.16201660156 6904.93401367187 6913.69842285156 6576.24280761719 6967.06239746094 6805.02199707031 6817.10719726562 6930.29121582031 7280.27801269531 7098.68199707031 7475.9851953125 7636.67280761719 7603.80120117187 7610.26638671875 7514.34918945313 7221.24959472656 7680.85040039062 7935.15239746094 7578.14397949219 7111.88318359375 6929.33117675781 7396.12521972656 7521.26640625 7594.32598144531 7254.52520019531 7143.28561035156 6867.00520507813 7205.45839355469 7247.97596191406
3517.4565012862 -9999 -9999 -9999 -9999 -9999 3363.41543212891 4700.95399414062 5102.16175048828 4734.92160888672 5241.80758300781 5360.42959472656 5501.67999023437 5443.30481933594 5618.71802246094 5880.16477539063 6015.0095703125 6379.29801757812 6642.29237792969 6914.34159179688 6939.27758789062 6824.30839355469 6948.36800292969 7422.17479003906 7431.14479980469 7522.603203125 7035.11039550781 7004.41200683594 7459.07197265625 7088.88881591797 6801.55161621094 6603.40879882813 7243.34039550781 7075.5419921875 6431.25920898437 7140.77320800781 7283.04681152344 7559.19318847656 7424.44360839844 7618.20640136719 8012.30843261719 8092.97079101562 8112.89599121094 7714.02479492187 7869.06280273437 8076.48760253906 7512.39801269531 7089.64362792969 7000.56479980469 7209.11959960937 7162.85521484375 7398.0619921875 7585.74759765625 7404.10882324219 7311.21997558594 6793.01639648438 6599.99799316406
-9999 -9999 -9999 -9999 -9999 -9999 -9999 3455.98453776042 3936.11227833141 4765.12561035156 4865.33280761719 4807.38438476563 5230.17040771484 5670.72557128906 5588.39678710937 5641.462421875 5789.48798828125 6096.30038574219 6630.24320800781 6851.42717285156 7146.16837890625 7358.85799316406 7443.62878417969 7579.02481445313 7481.89120117187 7619.48038085938 7650.55562011719 7655.22162597656 7619.65799316406 7498.80840332031 6548.16 6510.45160644531 7225.65239257812 6884.55083496094 6880.25439453125 7634.63680175781 7904.90679199219 7903.95478027344 7761.83198242188 7492.80159179688 7886.89720703125 8007.68561523438 8021.99440429687 8016.16200195312 7983.01638183594 7937.6483984375 7563.75321289063 7599.82000488281 7415.04119628906 7313.04161621094 7200.57519042969 7022.71356933594 7247.60479492187 7271.52879394531 6999.27798828125 6308.92921875 6959.53720214844
-9999 -9999 -9999 -9999 -9999 -9999 -9999 -9999 3683.74549834582 4882.65602294922 5352.93518798828 4868.15801269531 5442.88240722656 5530.3499609375 5380.51479980469 5350.66962402344 5650.37681640625 6086.8548046875 6446.4895703125 6806.00040039063 7200.17439941406 7307.03040527344 7416.76720214844 7481.45681152344 7318.54999511719 7548.03080078125 7682.156796875 7723.27681152344 7781.37438476563 7496.31520019531 6957.257578125 7010.96600097656 7409.22358398438 7054.85317871094 7179.52716796875 7589.03799316406 7862.787578125 7939.84478515625 8046.26916992187 8125.31240722656 8136.72002441406 8153.22717773437 8083.80679199219 8004.6283984375 7978.61600097656 7961.30118652344 8023.83439941406 8152.68560058594 8021.47920410156 7397.48280761719 7765.31803710937 7865.19241699219 7576.34280273438 7848.54559082031 7423.39758789062 7292.76799804687 7313.86317382812
-9999 -9999 -9999 -9999 -9999 -9999 -9999 -9999 -9999 5308.93125 5313.22800292969 4961.64280761719 5350.08320800781 5302.12800292969 5389.23600585937 5303.81160644531 5678.33120605469 6044.57641601562 6418.04040527344 6608.493984375 6928.59036621094 7429.81199707031 7409.67960449219 7585.09562988281 7500.18321777344 7583.7648046875 7668.49999511719 7690.95041992188 7636.39879882813 7285.27279296875 7535.12238769531 7432.31759277344 7607.47159179688 7675.93442871094 7586.34279785156 7854.37556640625 7835.56240722656 7963.93361328125 8031.06997558594 8041.74639648437 8108.54119628906 8140.47999023437 8067.40639160156 8070.23802246094 7937.33078613281 7971.37880859375 8070.25040039063 8079.80841796875 8097.02561523438 8019.62960449219 8099.34239257813 8017.00559570313 7616.94200195313 7494.80957519531 7451.36202148437 7579.50838867187 7462.27361328125
-9999 -9999 -9999 -9999 -9999 -9999 -9999 -9999 5220.71077952665 5194.18560058594 5110.93318603516 4965.04520507813 4980.25759765625 5087.64080078125 5109.18160644531 5377.12041015625 5674.97159179688 5996.36800292969 6464.35120605469 6648.88879882812 6804.70641601563 7388.595625 7418.41241210937 7472.92122070313 7526.03400390625 7537.28439941406 7623.1076171875 7608.69359863281 7525.78078125 7500.64762695312 7629.00839355469 7697.64559082031 7714.77919433594 7691.36599609375 7806.87041015625 7877.18642578125 7965.56520019531 7986.25038574219 7966.53040527344 7995.67640136719 8043.36438476562 8015.45598632812 8085.94836914062 8036.60759765625 8015.72317871094 7939.17042480469 7982.26239746094 7942.75280273438 7961.80117675781 7907.76998046875 7999.55479492188 7831.95880371094 7683.27040039062 8046.35522949219 7780.43278320312 7877.8472265625 8080.28920898438
-9999 -9999 -9999 -9999 -9999 -9999 -9999 -9999 5919.61538828974 5645.32440429688 5352.926796875 5109.72083007812 4989.72278320312 4773.43960449219 5034.33241210937 5141.56796386719 5498.54479003906 6034.37001464844 6258.87197265625 6820.192421875 7121.7944140625 7428.22040527344 7448.81842285156 7459.353203125 7570.79919433594 7582.66080566406 7426.57278320313 7446.39241210938 7288.55680175781 7571.36718261719 7400.48079589844 7503.91041015625 7467.09557617188 7440.13600585937 7240.13918945313 7303.10041015625 7309.01997558594 7386.42398193359 7354.75240722656 7292.28920898438 7867.92439941406 8011.2859765625 7938.350390625 7922.09600097656 8003.36520507812 8008.54719726563 7990.61279785156 7920.45518066406 7922.48719726562 7814.95481933594 7797.73243164062 7969.02040039062 8013.736015625 7897.38557617188 7856.21397460938 7791.36921386719 8047.66003417969
-9999 -9999 -9999 -9999 -9999 -9999 -9999 -9999 5779.14619615343 5542.35082519531 5871.98400878906 5460.53919921875 5220.89679199219 4815.8076171875 4999.44959960937 5069.17840820313 5291.18639648438 5895.75200195312 6297.88479492188 6696.37999511719 7442.60322753906 7500.8 7718.18358886719 7683.64521484375 7693.84318847656 7617.7244140625 7307.28080078125 7396.87559570313 7376.29319824219 7271.5916015625 7384.14603027344 6995.65557128906 7107.91519042969 7366.2916015625 7716.27958984375 7669.74079589844 7819.92360839844 7862.62360839844 7870.61159667969 7714.03485351563 7277.07360839844 7880.24479492187 7896.64560058594 7903.39199707031 7907.18560058594 7912.89119140625 7941.79560546875 7927.8691796875 7822.84842773438 7851.49201171875 7729.781171875 7898.74360351563 7811.09958496094 7709.49440917969 7783.03359863281 7693.77080078125 7835.77277832031
-9999 -9999 -9999 -9999 -9999 -9999 -9999 -9999 5218.54264892578 4624.60600830078 5161.56240234375 5082.58440917969 4973.02036621094 4890.61881347656 5004.50079101562 4904.354375 5364.72241699219 6095.4087890625 6380.28678222656 6581.00719238281 7389.25480957031 7627.31602050781 7744.03399414062 7745.97439941406 7603.03000488281 7607.21760253906 7365.82758544922 7468.12599609375 7389.06319335937 7230.8319921875 7019.08957763672 7492.02320800781 7536.58161621094 7757.96198730469 7776.897578125 7842.41400390625 7879.59040527344 7960.11799316406 7888.02841308594 7987.06279296875 7961.86359375 7304.16680908203 7783.89280273438 7812.20319824219 7803.1119921875 7891.06599121094 7901.23877929687 7869.23799804687 7860.20159667969 7850.81440917969 7793.02322753906 7846.64840332031 7825.98080078125 7774.6655859375 7709.07397460938 7643.20240722656 7664.75399902344
-9999 -9999 -9999 -9999 -9999 -9999 -9999 -9999 4805.50947189331 4464.92640869141 4727.73282470703 4679.31360107422 4446.17197265625 4656.62038818359 4804.87000976562 4553.42039550781 4946.16641113281 6024.49001464844 6434.40642089844 6648.49398925781 7444.80441894531 7669.05559570312 7673.93720214844 7773.66800292969 7693.46842773437 7443.88840820313 7319.29879394531 7338.56481445313 7171.5587890625 6950.02719970703 7495.45998535156 7710.86958984375 7795.91919433594 7759.56840332031 7783.43879394531 7826.14200683594 7873.26283691406 8000.79317871094 7966.64840332031 8055.10601074219 7987.16161621094 7965.35039550781 7487.51796875 7444.496796875 7894.23677246094 7896.96480957031 7932.12640136719 7882.98999023438 7788.60000488281 7816.69877929687 7802.1719921875 7693.99920898438 7725.60122558594 7680.22323242187 7772.49038574219 7729.07599121094 7786.58602050781
-9999 -9999 -9999 -9999 -9999 -9999 -9999 -9999 4724.62387894611 4391.59802246094 4055.06600341797 4362.63560058594 4200.82520507812 4278.08921630859 4546.21320556641 4321.27600097656 4820.65241699219 5631.9908203125 6278.96279296875 6744.17758300781 7156.16319824219 7468.45918945312 7634.13799316406 7645.84283203125 7408.44238769531 7344.09759765625 7131.00479980469 7412.22599609375 6915.00118652344 7241.889609375 7696.50962402344 7774.82438476562 7824.4287890625 7834.00359375 7812.15799804688 7795.71961914062 7868.02799316406 7941.25039550781 7918.41079589844 7977.83760742187 7947.78841796875 7927.10520996094 7919.03521972656 7833.53760742187 7753.44197265625 7561.05959960938 7884.29080566406 7929.07240234375 7860.10202148437 7701.81681640625 7879.85359863281 7765.18238769531 7686.20840820313 7715.71881835938 7876.27158203125 7626.73040039062 6604.39840942383
-9999 -9999 -9999 -9999 -9999 -9999 -9999 5010.65156824449 4956.17159410702 4317.27240234375 3633.90599365234 4206.11640625 4435.06921630859 4487.19719970703 4405.29758300781 4414.17760009766 4975.2019921875 5849.71679199219 6238.22161621094 6731.57318359375 7258.39677246094 7268.93083007812 7102.83879882812 7419.18241210938 7459.85160644531 7423.94120117188 7131.94560058594 7117.47440917969 6937.31640380859 7261.28440917969 7724.38843261719 7777.73840332031 7867.44716796875 7834.4019921875 7842.65599609375 7869.72038574219 7878.92317382813 7889.71398925781 7847.89598632813 7921.44079589844 7850.36359863281 7912.68001464844 7844.42880859375 8000.20760742187 7917.30120605469 7880.85640625 7752.30759277344 7882.9012109375 7803.20359375 7677.383984375 7695.66919433594 7735.25921875 7702.00200195312 7706.19360351562 7789.86876464844 6984.3848046875 6069.39440155029
-9999 -9999 -9999 -9999 -9999 -9999 -9999 5376.04273827396 5130.58316894531 4328.54600341797 3998.91759765625 4368.28520507812 5641.61000488281 5351.86961425781 4717.55564453125 4838.70719726562 5107.37397949219 5995.27202148437 6164.53119140625 6521.18160644531 7207.25437011719 7265.08360839844 6936.65161621094 7194.01877441406 7293.5680078125 7383.75759765625 7007.64239746094 6946.96599609375 7097.68958007812 7607.4683984375 7592.72760253906 7507.42601074219 7637.46602050781 7673.67560058594 7700.78200195312 7712.64678710937 7822.60721679688 7908.67960449219 7833.51160644531 7835.51680664062 7802.42999511719 7944.12598632812 7925.05477050781 7855.55719238281 7731.74360839844 7875.77199707031 7802.25997558594 7914.82077148437 7873.12400390625 7785.94318359375 7541.88721679687 7651.65278808594 7831.56598144531 7585.80678710938 7322.87279296875 4829.21680084229 2665.50240539551
-9999 -9999 -9999 -9999 -9999 -9999 4141.993156187 5264.07158203125 5201.55440185547 5007.87160400391 4819.89760498047 4581.18721923828 5313.8871875 5924.52118164063 5765.3448046875 5981.07242675781 5723.07397460938 5861.48760742187 6165.62881347656 5342.44798828125 6422.95879882812 6870.52002441406 6912.8780078125 6777.14721679688 7371.3748046875 7413.76918945313 6839.40400390625 6845.72242675781 5272.63919345856 7707.70642089844 7731.58598632812 7750.32079589844 7760.00561035156 7756.91680175781 7788.15720703125 7814.99638671875 7870.08 7933.80880371094 7857.86958496094 7887.24560546875 7908.46961914062 7894.70321289062 7977.28920898438 7789.32080566406 7596.801171875 7816.00841308594 7610.22761230469 7832.92159667969 7900.26439941406 7732.77319335938 7475.77879882813 7775.46039550781 7762.65040527344 7518.00119628906 7504.9812109375 5931.62440338135 6657.4072052002
-9999 -9999 -9999 -9999 -9999 -9999 4417.17964764031 5126.02599609375 5295.71121826172 5281.49121246338 5122.28 4739.47961669922 5244.98479492187 6189.70239746094 6627.45801269531 6584.48280273437 6605.24920898438 6348.91161132813 6118.04161132813 5069.923203125 5776.32400390625 6344.62121582031 7139.573203125 6684.51361328125 7077.32039550781 6523.08840820313 7098.0580090332 7546.25719726563 7456.37639160156 7641.61600097656 7709.58078613281 7801.3219921875 7740.96000488281 7758.34720214844 7790.53522460938 7802.88200683594 7836.36918945312 7887.09080078125 7842.20120117188 7868.05680175781 7926.78802734375 7878.44399414063 7882.43559082031 7746.47479003906 7606.16241210937 7758.9351953125 7688.16919921875 7734.506796875 7738.31201171875 7630.79521484375 7445.95680175781 7559.98161132812 7743.96481933594 7735.81959960937 7527.23442382812 7096.55041015625 6543.73239746094
-9999 -9999 -9999 -9999 -9999 -9999 -9999 3927.29744180401 5558.04757324219 5701.90479492187 5071.37919433594 4309.85519042969 4476.97882324219 5380.2028125 6345.25840332031 6659.93439453125 6799.86641113281 6336.25800292969 5925.97481445312 5189.61837890625 5421.25721679687 6033.54319824219 6656.45642089844 6995.57918457031 6602.09721923828 6703.29677978516 7830.42359375 7372.78999511719 5591.97280677795 6157.13880804062 7203.38883789062 7586.4576171875 7743.09161621094 7892.7483984375 7924.32958984375 7864.80918945313 7811.88960449219 7814.26041015625 7781.81002441406 7826.39399902344 7803.18879394531 7830.36159667969 7869.45561035156 7656.42879394531 7591.89279296875 7677.4687890625 7726.91758300781 7599.68959960938 7696.93040527344 7790.436796875 7562.14238769531 7498.69998046875 7682.03278320313 7764.7219921875 6440.10160095215 5363.92759979248 5789.67079345703
-9999 -9999 -9999 -9999 -9999 -9999 -9999 4144.707937687 5183.05681640625 5702.56999511719 4931.83559326172 4475.73759033203 3933.78520751953 4025.09838623047 4631.26799560547 5489.83520019531 6364.87000976562 6367.68079101562 6223.49319824219 5318.25441894531 5491.73961914063 5629.46359375 5821.17837402344 6039.51038024902 5830.50638458252 7386.65959472656 7541.39361816406 6939.73159667969 6476.45039627075 6040.69037014008 7414.86799804688 7545.72601074219 7706.74639648437 7880.21120117187 7974.63278808594 7895.33319824219 7829.86681152344 7866.98 7708.99801269531 7850.29440429687 7846.48801757813 7869.03438964844 7841.68520019531 7543.72960449219 7594.57840332031 7774.8712109375 7565.81000976563 7488.89358886719 7498.13159179688 7599.76641601562 7575.57118652344 7447.55677246094 7656.31242675781 7443.58638183594 5262.1655960083 4005.07761688232 5693.92437011719
-9999 -9999 -9999 -9999 -9999 -9999 -9999 -9999 4520.4449551231 5158.58880737305 5015.60759765625 4823.94200683594 4189.29961181641 3767.75400146484 3570.92840576172 4299.03400390625 5126.69402832031 5447.413203125 5498.82400390625 5411.86158691406 5848.40720703125 6287.35602050781 6550.58798339844 5517.70959573984 7204.88439575195 7421.71080078125 6979.33398925781 6539.30802734375 7064.71560974121 6708.13840511322 7600.59197753906 7570.85720214844 7709.23799316406 7839.45598632812 7873.85359375 7850.20318847656 7739.17841308594 7752.1148046875 7696.99319824219 7854.4451953125 7833.50716796875 7761.51041015625 7785.30400390625 7552.69758789063 7649.68999511719 7590.126796875 7495.85519042969 7530.52758789062 7470.82760253906 7680.53120605469 7725.03920410156 7842.40000976563 7743.94161132812 7244.10399414063 5778.32840332031 6010.81519165039 5774.63640136719
-9999 -9999 -9999 -9999 -9999 -9999 -9999 -9999 -9999 4548.45797729492 4881.51517822266 5223.96520019531 5117.19641601562 3984.06320556641 3496.50278320313 4136.69119628906 4002.69439941406 4402.89200195313 5346.26559570312 5176.64037109375 5493.39119628906 5728.48678222656 5833.31920898438 6176.62402587891 6950.50758544922 6916.10038085938 6786.1448046875 6869.06040039062 6826.78400390625 7434.81599609375 7806.11879882813 7644.36718261719 7846.37760253906 7671.67001464844 7790.95440429687 7827.13479492188 7823.79280761719 7683.67162597656 7765.00119628906 7930.47603027344 7805.36040527344 7733.05681640625 7696.88359375 7609.05281738281 7716.41477539063 7156.35678222656 7568.11240234375 7423.06478515625 7656.52879394531 7777.85199707031 7890.48678710937 7839.30919921875 7788.88801757813 7211.42720703125 6087.68520019531 6398.44120117188 6015.19479003906
-9999 -9999 -9999 -9999 -9999 -9999 -9999 -9999 -9999 -9999 4717.37182571639 4843.25678466797 5160.18842529297 4676.90961181641 4138.59960693359 4593.84641357422 4225.77720947266 4138.44520751953 5297.84801757813 5517.01838867188 5432.77602050781 5429.19482421875 5912.13799316406 6270.54321777344 6798.54600585938 6892.71481689453 6175.67039306641 6720.08280273438 6633.79600097656 6811.4216015625 7635.83919921875 7626.73599121094 7652.64359375 7792.49081542969 7788.63359375 7816.64759277344 7878.77080078125 7565.58438476563 7862.47080566406 7792.02919433594 7660.13040039063 7757.97761230469 7677.86036132812 7595.89761230469 7537.42441894531 6607.49721191406 7014.32036621094 7542.51558105469 7777.72799804687 7844.27760742187 7903.46560058594 7738.21918945313 7767.95961914063 7393.97399414063 5914.64879882813 5352.28840393066 5951.09762207031
-9999 -9999 -9999 -9999 -9999 -9999 -9999 -9999 -9999 -9999 -9999 3917.19888020833 4157.636796875 4704.24717285156 4721.77678222656 4607.56283447266 4679.839609375 4822.25438476563 5550.2272265625 5172.8123828125 5387.38319824219 5434.11358886719 5637.65360839844 6243.64600097656 6858.23521972656 6909.75918457031 6475.09799804687 6224.58040039063 6189.52559082031 6386.09322021484 7053.69399169922 7606.44880126953 7737.96320800781 7797.51880371094 7827.59998535156 7730.33159179687 7560.65599609375 7321.77759277344 7423.46038085937 7693.48799316406 7670.6900390625 7288.56799804687 7289.32158691406 6921.83042480469 7007.89399414063 6660.113203125 6625.03358398437 7480.35881347656 7881.31557617188 7716.02960449219 7863.95362304687 7907.53837402344 7576.59520507813 7330.67520507813 6279.56079589844 3788.10519470215 5778.04439941406
-9999 -9999 -9999 -9999 -9999 -9999 -9999 -9999 -9999 -9999 -9999 -9999 3918.29811830874 4308.50197509766 4847.96318115234 5268.18400878906 5060.90399902344 5118.06520751953 5337.80040039063 5312.51279296875 5619.28241699219 5243.10957458496 5229.74562072754 6208.53362304687 6254.42078613281 6738.11641601562 6992.67398925781 6978.60601074219 6438.76122558594 7084.61680175781 7130.521171875 7390.32716308594 7240.32883789063 7561.11678222656 7698.98039550781 7625.57480957031 7459.18919921875 7453.84521972656 7300.85079589844 7688.12717773438 7769.29557128906 7556.19520019531 7645.50838867187 6452.80039550781 6594.1287890625 6737.84439453125 7461.43961425781 7171.0476171875 7390.63280273438 7634.33520507812 7431.36000976563 7503.63197265625 7423.11478027344 6980.42279785156 6273.95598022461 2441.54559875488 5871.11561523437
