All_rasters_2/Pastures.asc
NCOLS 176 
NROWS 173 
XLLCORNER -17.5416666666667 
YLLCORNER -34.7083333333334 
CELLSIZE 0.416666666666667 
NODATA_value -9999 
[rows 100 to 124 of 173, columns 55 to 109 of 176]
-9999 -9999 -9999 -9999 -9999 -9999 -9999 -9999 -9999 -9999 -9999 -9999 -9999 -9999 -9999 0.564185475601869 0.376263407990336 0.192628138139844 0.601914083212614 0.892935663461685 0.467313249781728 0.347349817678332 0.750701397657394 0.430920574814081 0.178597349300981 0.0967286126688123 0.193313234858215 0.184298736602068 0.182261068373919 0.181276077777147 0.190995459258556 0.19191886484623 0.201190715283155 0.196661161631346 0.141849994659424 0.0846584320068359 0.0837783014401794 0.0547500904649496 0.0772314975038171 0.072346325032413 0.0278890179470181 0.0571881147101522 0.0314193570811767 0.00332045194954844 0.0257382584866718 0.181580919772387 0.223643701523542 0.198824733123183 0.140107984468341 0.187036521732807 0.192656752467155 0.1648093059659 0.189841665327549 0.14326891626697 0.0662566833896562
-9999 -9999 -9999 -9999 -9999 -9999 -9999 -9999 -9999 -9999 -9999 -9999 -9999 -9999 -9999 -9999 0.419804705306888 0.268062916025519 0.212828398942947 0.325064168125391 0.10140265442431 0.176651970669627 0.340480250865221 0.222966818511486 0.207869139537215 0.140698407776654 0.177995205335319 0.120905937626958 0.161406417563558 0.178977742940187 0.182308510988951 0.198576718568802 0.190212303996086 0.198856479972601 0.156831562146544 0.0911209619790316 0.126281362734735 0.0652385395020247 0.126627460606396 0.135866850875318 0.104449549689889 0.0711849012970924 0.0413861774385441 0.0626111628545914 0.0868404004478361 0.160020897090435 0.210810935497284 0.159669377654791 0.184056800156832 0.224298422783613 0.212380349338055 0.151026732623577 0.191563663631678 0.124590187817812 0.0971906241774559
-9999 -9999 -9999 -9999 -9999 -9999 -9999 -9999 -9999 -9999 -9999 -9999 -9999 -9999 -9999 -9999 0.372670646376756 0.237412883639336 0.205280793607235 0.171988456696272 0.164076634794474 0.203352596610785 0.204847027361393 0.206261485815048 0.197245206013322 0.184590685740113 0.155139227360487 0.0904401315003634 0.11615290902555 0.176122359633446 0.198943609148264 0.183107295632362 0.189865674376488 0.214232094883919 0.193347147852182 0.168125291019678 0.196961550787091 0.0909639025107026 0.106926526017487 0.102251383513212 0.144677795097232 0.0734145545586944 0.113570637144148 0.0611241011414677 0.140105480896309 0.17620572142303 0.204958967119455 0.165199218690395 0.193904523998499 0.226170364767313 0.203373167514801 0.151884290575981 0.196380249410868 0.143224441707134 0.103629015684128
-9999 -9999 -9999 -9999 -9999 -9999 -9999 -9999 -9999 -9999 -9999 -9999 -9999 -9999 -9999 -9999 0.262025976224857 0.148947378993034 0.229232393950224 0.239828139543533 0.265071741491556 0.285956447571516 0.301149759441614 0.21904324144125 0.171399325504899 0.142091969028115 0.181793287396431 0.109593689441681 0.1195801012218 0.151529381424189 0.193460044264793 0.220478009432554 0.208434376865625 0.200047629326582 0.10362789221108 0.145127037540078 0.19666911251843 0.131632959470153 0.0778227251023054 0.129489839076996 0.203165646642447 0.196874881535769 0.201068329811096 0.187894716858864 0.137788231298327 0.14760057516396 0.21234392374754 0.162904547154903 0.198785503208637 0.209790673106909 0.18639283105731 0.151850226521492 0.135031512007117 0.148237280920148 0.130114086344838
-9999 -9999 -9999 -9999 -9999 -9999 -9999 -9999 -9999 -9999 -9999 -9999 -9999 -9999 -9999 -9999 -9999 0.544321499019861 0.723536588251591 0.635909827053547 0.634435144662857 0.65222127944231 0.621513584256172 0.47237464427948 0.428695208579302 0.435785086452961 0.457609067112207 0.172861505076289 0.0697266720235348 0.0900947535410523 0.140003480575979 0.201328562200069 0.221999673247337 0.154370799213648 0.194626560434699 0.189795612320304 0.166896073296666 0.119348527863622 0.131432404667139 0.185823808610439 0.206873698532581 0.190809280276299 0.186366863697767 0.192902158200741 0.199767861738801 0.216483570411801 0.231677330285311 0.226225877255201 0.206073798537254 0.18725997209549 0.135600860118866 0.136456395089626 0.144355109706521 0.160964912548661 0.134681289792061
-9999 -9999 -9999 -9999 -9999 -9999 -9999 -9999 -9999 -9999 -9999 -9999 -9999 -9999 -9999 -9999 -9999 0.636094980066021 0.77002158164978 0.629671975970268 0.638238357305527 0.600170831680298 0.553344532847404 0.465818472206593 0.454146727025509 0.486785776913166 0.49188479334116 0.234429269731045 0.0603433266282082 0.0603234633430839 0.0514476148132235 0.0754549206118099 0.169219521095511 0.125877967327833 0.115286749973893 0.134929667785764 0.111005718559027 0.153958419710398 0.15654730618 0.176379603147507 0.193089104443789 0.184885523095727 0.203000393733382 0.212085904926062 0.211938301175833 0.226931716948748 0.21127610579133 0.218903291523457 0.217408511638641 0.199854723364115 0.120846998989582 0.0962999860942364 0.0740618921816349 0.113869163580239 0.07552027547732
-9999 -9999 -9999 -9999 -9999 -9999 -9999 -9999 -9999 -9999 -9999 -9999 -9999 -9999 -9999 -9999 -9999 -9999 0.715134316682816 0.649591669440269 0.613860094547272 0.623430529236794 0.540662199258804 0.409807530045509 0.343879328668118 0.434272229671478 0.462251217663288 0.372242373600602 0.0679981438443065 0.0546700175851583 0.0157540733427595 0.00305064962140023 0.0332411298144507 0.130118374712765 0.22515276260674 0.301527505740523 0.148876444250345 0.115323770791292 0.129103221744299 0.146963349729776 0.156131371855736 0.134341739024967 0.0827447165152989 0.216593768447638 0.229221775382757 0.23533758893609 0.22856530547142 0.210782089084387 0.209309101849794 0.196619495749474 0.152629536390305 0.144633545726538 0.127832191064954 0.0785261305049062 0.031597688421607
-9999 -9999 -9999 -9999 -9999 -9999 -9999 -9999 -9999 -9999 -9999 -9999 -9999 -9999 -9999 -9999 -9999 -9999 0.622045763457815 0.759520325064659 0.616859872341156 0.578764806985855 0.555771118402481 0.409062375426292 0.19353112667799 0.278403240442276 0.424809571504593 0.579749945998192 0.21656948896125 0.055165769290179 0.0520634599675395 0.00884751433641213 0.00129918196600556 0.101878561245121 0.400045661628246 0.479616921544075 0.352523829489946 0.325392567366362 0.390546128451824 0.301473204568028 0.120384183898568 0.0673195761349052 0.0458970935805701 0.172457643598318 0.219109010696411 0.220303014963865 0.211620648950338 0.18690453633666 0.146987493932247 0.17507014721632 0.150019428133965 0.163073642700911 0.136210987344384 0.114021942168474 0.0657058438006788
-9999 -9999 -9999 -9999 -9999 -9999 -9999 -9999 -9999 -9999 -9999 -9999 -9999 -9999 -9999 -9999 -9999 -9999 0.4627643929904 0.792791101336479 0.660246941447258 0.58599581360817 0.574078047275543 0.500480227470398 0.25631667226553 0.209368674457073 0.310941755771637 0.434144455492496 0.305351421888918 0.0930881643854082 0.0935121653974056 0.0534238534164615 0.0135491087919399 0.130128126405489 0.36025867909193 0.414860897958279 0.353089993298054 0.33935312628746 0.464038870632648 0.230319174826145 0.0958334743976593 0.116896661454812 0.100721691036597 0.143380260840058 0.211105262637138 0.219140750169754 0.195865490287542 0.184161384701729 0.191275620311499 0.18439828902483 0.154370827376842 0.130053896084428 0.0976276029832661 0.0494098209450021 0.0431585700530559
-9999 -9999 -9999 -9999 -9999 -9999 -9999 -9999 -9999 -9999 -9999 -9999 -9999 -9999 -9999 -9999 -9999 -9999 -9999 0.656268209218979 0.666731879115105 0.54920619726181 0.557502046227455 0.560357432067394 0.378294102847576 0.276900395750999 0.424123646318913 0.544124330580235 0.297558814287186 0.345640543103218 0.194029998779297 0.194805020466447 0.127045527100563 0.180490355566144 0.352457314729691 0.427077443897724 0.390379159152508 0.290617428719997 0.426944714784622 0.331575742736459 0.0811115298420191 0.0997867956757545 0.115721274167299 0.117766970768571 0.151499475538731 0.150131852552295 0.146158931776881 0.148795739561319 0.171473341435194 0.190388415008783 0.095809958584141 0.0519552297773771 0.0345133589580655 0.00682994538801722 0.0186190900858492
-9999 -9999 -9999 -9999 -9999 -9999 -9999 -9999 -9999 -9999 -9999 -9999 -9999 -9999 -9999 -9999 -9999 -9999 -9999 0.558716052770615 0.623477821946144 0.576528959870338 0.546480663120747 0.473596429824829 0.340315692126751 0.307549000531435 0.324659111648798 0.605749455988407 0.543050533533096 0.430091797411442 0.271351560652256 0.311463738232851 0.141478175446391 0.224105351120234 0.345004405081272 0.415802555084229 0.405279857516289 0.362721094489098 0.42472148001194 0.29455654643476 0.0546798737719655 0.0572750935889781 0.0415289458818734 0.0711289523169398 0.161032710820436 0.147543940022588 0.136566942557693 0.10125643350184 0.132921334020793 0.0833256267243996 0.00905625765444711 0.00433494061427154 0.00221314906916632 0.00314884744468145 0.0196002375939861
-9999 -9999 -9999 -9999 -9999 -9999 -9999 -9999 -9999 -9999 -9999 -9999 -9999 -9999 -9999 -9999 -9999 -9999 0.384397213480302 0.5458092328161 0.66971172682941 0.554177012443542 0.529775784909725 0.419693766832352 0.405775284171104 0.392867187410593 0.299388261884451 0.419636411368847 0.687775751948357 0.564098746180534 0.267313397824764 0.150917474925518 0.0577438358217478 0.216604662388563 0.405974325537682 0.417241086065769 0.387037614583969 0.435399605333805 0.454805475175381 0.198598655536771 0.0279862101189792 0.0597886971011758 0.030532385352999 0.046972297411412 0.126896212343127 0.110716070942581 0.0822895221412182 0.0471239168685861 0.0496736010350287 0.042887882865034 0.000492881867103279 0.000278904628744385 0.0115402950409816 0.0107663304079324 0.0275893595581874
-9999 -9999 -9999 -9999 -9999 -9999 -9999 -9999 -9999 -9999 -9999 -9999 -9999 -9999 -9999 -9999 -9999 -9999 0.0311933918274008 0.00393409840762615 0.366169517859817 0.666736748814583 0.585311874747276 0.558406868577004 0.37592476606369 0.363508783280849 0.409391887485981 0.297758501768112 0.589063093066216 0.663645446300507 0.403065976500511 0.254640778526664 0.0893740851432085 0.142710422724485 0.397718816995621 0.448874245584011 0.422926196455956 0.394495107233524 0.418720537424088 0.211259026359767 0.0223033190704882 0.0848092356696725 0.0842715680599213 0.0402455151779577 0.026584728830494 0.0609741745516658 0.0416279621422291 0.00654795212903991 0.0189189970493317 0.0210208803109708 0.000552889121172484 2.31373246606381e-07 0.0053983644974096 0.0169804739889514 0.0407636696472764
-9999 -9999 -9999 -9999 -9999 -9999 -9999 -9999 -9999 -9999 -9999 -9999 -9999 -9999 -9999 -9999 -9999 -9999 -9999 0.00799157191067934 0.216011776551604 0.641809773445129 0.506091785430908 0.334231600910425 0.278993477672339 0.240375199913979 0.263288194835186 0.202172808796167 0.258906102925539 0.378539651557803 0.389411225244403 0.471488466858864 0.231689742729068 0.111569650396705 0.290758419036865 0.351467589586973 0.361547791659832 0.363440757989883 0.323719283640385 0.24107552671805 0.10271275844425 0.0297775670839474 0.0320593263441697 0.00322618221398443 0.00693248642477556 0.0124181796387711 0.0158410196425393 0.00208523079229053 0.00290057530160993 0.00758957126381574 0.0181884596726741 0.0315747008146718 0.0094184285540905 0.0181259931027671 0.0276228457689285
-9999 -9999 -9999 -9999 -9999 -9999 -9999 -9999 -9999 -9999 -9999 -9999 -9999 -9999 -9999 -9999 -9999 -9999 -9999 0.248346035121358 0.472681136056781 0.604135957956314 0.437857568264008 0.247385073900223 0.176337418854237 0.171628495305777 0.303885309547186 0.324730605781078 0.335043904185295 0.332051018700004 0.171253625154495 0.216134342551231 0.0658428819943219 0.102655601957813 0.270080950856209 0.343148237913847 0.3479450763762 0.300797071307898 0.208910093456507 0.181619152873754 0.18678375063464 0.0113656347020878 0.00262349435506621 0.00234439987689257 1.79504450352397e-05 0.000194104827060073 0.000495202977435838 0.000606640984042315 0.00429283745477733 0.0155993712545751 0.0224198167771101 0.0473256547097117 0.039487810855826 0.00723263580988714 0.0217439578939229
-9999 -9999 -9999 -9999 -9999 -9999 -9999 -9999 -9999 -9999 -9999 -9999 -9999 -9999 -9999 -9999 -9999 -9999 -9999 -9999 0.642417638207553 0.620546552538872 0.435314245522022 0.256534507498145 0.167994543537498 0.281584393233061 0.134211111813784 0.207743792235851 0.332599118351936 0.386046288907528 0.140094160847366 0.0598067797254771 0.0293308852240443 0.218112050788477 0.297428660094738 0.316435403376818 0.256285016238689 0.239875592291355 0.242290606349707 0.160291086137295 0.146752529777586 0.0148145630475483 0.00159797464875737 0.00582105573266745 0.00547770814109754 0.00160213667322751 2.6263810468663e-05 0.0022327146396492 0.0128395753014047 0.00503992244375695 0.0284345586318523 0.0553836899343878 0.0283740740269423 0.00625306651490973 0.00560386197175831
-9999 -9999 -9999 -9999 -9999 -9999 -9999 -9999 -9999 -9999 -9999 -9999 -9999 -9999 -9999 -9999 -9999 -9999 -9999 -9999 0.530873291484838 0.55570223480463 0.395323149859905 0.308251736536622 0.278145197704434 0.480388440191746 0.247741029858589 0.162805473655462 0.172736866772175 0.284155854433775 0.132491131052375 0.0466939052101225 0.0415236156713217 0.149231963902712 0.187103715911508 0.208870639204979 0.29576582506299 0.390336690098047 0.412159626334906 0.444180510938168 0.29143439847976 0.229700356171234 0.156691375494702 0.149674299918115 0.17180696063675 0.122982445895032 0.0416613205159592 0.0651329559499936 0.00311207392245706 0.000457787271079724 0.00272926923309569 0.0174899249865848 0.0154644095950061 0.0143882994540036 0.0114015811448917
-9999 -9999 -9999 -9999 -9999 -9999 -9999 -9999 -9999 -9999 -9999 -9999 -9999 -9999 -9999 -9999 -9999 -9999 -9999 -9999 0.536018570264181 0.450426297485828 0.323459027707577 0.376610937416553 0.347669062018394 0.460995241999626 0.401545909047127 0.426115092933178 0.305622341483831 0.344630468338728 0.238788941390812 0.0930380893871188 0.0656155931949615 0.0671991295367479 0.20718800611794 0.24733438283205 0.277244540601969 0.246571231260896 0.126210593506694 0.174470765590668 0.488797061145306 0.443178423345089 0.304086544923484 0.160242558829486 0.14839151032269 0.148334171399474 0.150141365081072 0.177106457073241 0.0284943424824451 0.00134056245660759 0.00297154788473563 0.0131952195793565 0.0743342014640802 0.0413060435559601 0.0115278038755059
-9999 -9999 -9999 -9999 -9999 -9999 -9999 -9999 -9999 -9999 -9999 -9999 -9999 -9999 -9999 -9999 -9999 -9999 -9999 -9999 0.477549918780201 0.394243486225605 0.373851276934147 0.3962207660079 0.352943708002567 0.370835550129414 0.42997712045908 0.540728551149368 0.428144037723541 0.362573876231909 0.174108003079891 0.0885777231305838 0.0725025963038206 0.101141242869198 0.176900343038142 0.113214484415948 0.212213655002415 0.265579316590447 0.000184924120549113 0.0114065051078796 0.291966289281845 0.599250969290733 0.170837010256946 0.0882684057578444 0.0515210255980492 0.071787646971643 0.0613740114495158 0.0786631733179092 0.136133363097906 0.0489768679253757 0.140191384928767 0.0932302360073663 0.221078634262085 0.0490804771892726 0.00397423356298532
-9999 -9999 -9999 -9999 -9999 -9999 -9999 -9999 -9999 -9999 -9999 -9999 -9999 -9999 -9999 -9999 -9999 -9999 -9999 0.518843140223144 0.500346595719457 0.375661913156509 0.351811861991882 0.370564787685871 0.408912860751152 0.410829290747643 0.533742778301239 0.517234204411507 0.338788743317127 0.225621085911989 0.131180238425732 0.108913864567876 0.0953117176145315 0.104746505729854 0.144847541116178 0.120186651013792 0.151645631156862 0.565957052225713 0.554367417835165 0.460843291282654 0.327817350625992 0.289731233865023 0.164551733955741 0.058815904520452 0.0264739071950316 0.0266999910306185 0.0213558386545628 0.0371079256478697 0.0732297875825316 0.121822756156325 0.114105733074248 0.107994009628892 0.194244447164237 0.243202625447884 0.201862491931752
-9999 -9999 -9999 -9999 -9999 -9999 -9999 -9999 -9999 -9999 -9999 -9999 -9999 -9999 -9999 -9999 -9999 -9999 0.687912535579766 0.814138236641884 0.629933250844479 0.449030638635159 0.364206577837467 0.366119153797626 0.473601114749908 0.437771156430244 0.446478472352028 0.340352570712566 0.207115438580513 0.140605065375566 0.0917335116863251 0.140291060507298 0.1281489148736 0.132795474529266 0.117999605461955 0.111258417889476 0.10866040661931 0.398104716464877 0.698864851742983 0.691855163574219 0.68609599173069 0.327606463730335 0.121530570536852 0.0627597382292151 0.0907549974694848 0.0213670073635876 0.00812328327447176 0.0225027968082577 0.0660344453249127 0.108667493984103 0.0659403102472425 0.0938787321001291 0.104067534394562 0.195348888635635 0.333613286465406
-9999 -9999 -9999 -9999 -9999 -9999 -9999 -9999 -9999 -9999 -9999 -9999 -9999 -9999 -9999 -9999 -9999 -9999 0.837684378027916 0.793336316943169 0.568910133838654 0.579402351379395 0.464522749185562 0.407019791007042 0.416415502130985 0.407808810472488 0.355713483691216 0.257249005138874 0.190128922462463 0.112121856212616 0.0966026224195957 0.196280315518379 0.185826799273491 0.123422841355205 0.11613161303103 0.139003808796406 0.110376412421465 0.155171846970916 0.436327008903027 0.736963826417923 0.772847086191177 0.593319068849087 0.245653066784143 0.117391873151064 0.210370975732803 0.108828270249069 0.0719612399116158 0.102287537977099 0.0943951524794102 0.102284638211131 0.0543367370963097 0.0376925200689584 0.0526675321161747 0.10013683680445 0.231930326670408
-9999 -9999 -9999 -9999 -9999 -9999 -9999 -9999 -9999 -9999 -9999 -9999 -9999 -9999 -9999 -9999 -9999 0.775880050400029 0.79722386598587 0.75373509824276 0.604625992774963 0.533998147249222 0.527819822728634 0.438755581974983 0.322079738974571 0.299402503669262 0.305475102365017 0.268103569597006 0.165201786905527 0.122063661366701 0.144607433378696 0.130080327391624 0.109814153537154 0.112591975182295 0.186633533611894 0.155384000837803 0.139700251221657 0.167809573188424 0.299731910601258 0.565392160825431 0.500116190873086 0.661458465903997 0.385363209098578 0.109801375120878 0.108311400637031 0.102841242589056 0.0580587165430188 0.123980747610331 0.0933800093084574 0.058942810818553 0.0852582247555256 0.0416212107706815 0.0380883799865842 0.223568658716977 0.309049808830023
-9999 -9999 -9999 -9999 -9999 -9999 -9999 -9999 -9999 -9999 -9999 -9999 -9999 -9999 -9999 -9999 -9999 0.839513829946518 0.779191161990166 0.620420731604099 0.593641408085823 0.524911642372608 0.508618599176407 0.336232290565968 0.214963680133224 0.200397508963943 0.219299197345972 0.211043858528137 0.217033872753382 0.165788910537958 0.251890077739954 0.143893146514893 0.165139382705092 0.140321938022971 0.188323978334665 0.188183975070715 0.189440968036652 0.152540986612439 0.246609094068408 0.393079643659294 0.0262262657750398 0.15022091075778 0.159252786217257 0.217913079634309 0.130143284872174 0.0846066430211067 0.117490655556321 0.0863198513537645 0.00787392698228359 0.00309472046792507 0.0655865160003304 0.0848173812776804 0.0943688658997417 0.427250411063433 0.439771351963282
-9999 -9999 -9999 -9999 -9999 -9999 -9999 -9999 -9999 -9999 -9999 -9999 -9999 -9999 -9999 -9999 0.573103487491608 0.863608771562576 0.718623620271683 0.475324742496014 0.462556678056717 0.464409755170345 0.543578684329987 0.431270398199558 0.259601690992713 0.242470188066363 0.253633432090282 0.212830770760775 0.214028153568506 0.302009238302708 0.191756317764521 0.21135651320219 0.239715155959129 0.215744552016258 0.246010053902864 0.224926193058491 0.234945104271173 0.270839374512434 0.262524181604385 0.433858352154493 0 0.00205994602292776 0.173362766765058 0.470544748008251 0.254941150918603 0.144769513234496 0.152343615889549 0.076935426518321 0.0102202367037535 0 0.0335461651906371 0.247676708362997 0.347225494682789 0.478267027437687 0.534351633489132
