All_rasters_2/Pastures.asc
NCOLS 176 
NROWS 173 
XLLCORNER -17.5416666666667 
YLLCORNER -34.7083333333334 
CELLSIZE 0.416666666666667 
NODATA_value -9999 
[rows 50 to 74 of 173, columns 55 to 109 of 176]
0.917746711969376 0.907094436883926 0.356170907318592 0.0275822898745537 0 0 0 0 0 0 0 0 0 0 0.00113662001676857 0 0 0 0 0 0 0 0 0 0.000181401399895549 0 0 0 0 0 0 0 0 0 0 0 0 0 0 0 0 0 0 0 0.0345111218733655 0.0345389469696966 4.08950145356357e-05 4.55060517197126e-05 4.74587229109602e-05 3.58946808546534e-05 6.37330670770098e-06 1.06573073367144e-05 3.66408140280328e-05 3.72141407751769e-06 2.88014249463231e-06
0.913670352697372 0.908111125230789 0.759975822269917 0.119527476131916 0.00510964095592499 0.00708833575248718 0.00919648930430412 0.0408700332045555 0.216570081710815 0.441236817240715 0.459643632173538 0.16545847039717 0.220626963787254 0.275783523917198 0.0812576471734792 0.00306461982429028 0 0.00111623665317893 0.00111623665317893 0 0.00211793694645166 0.00211793694645166 0 0 0.000263433551299386 0 0 0 0 0 0 0 0 0 0.000446167401969433 0.00489465679973364 0.0231405023741536 0.10820255180588 0.102454380877316 0.0648588175699115 0.0648703712970018 0.0221107153082266 0.0412078619701788 0.0716599583625794 0.269955969750881 0.330585561172593 0.0575419057578983 0.0719134420219416 0.0986296013489118 0.373756954161036 0.55161993633531 0.527200675410386 0.0911451140096915 9.69833517365259e-05 4.6548491241083e-06
0.786362591385841 0.873028382658958 0.821116128563881 0.413203260302544 0.303721979260445 0.478076472878456 0.505368482321501 0.664012335240841 0.898872876167297 0.919210255146027 0.919228434562683 0.919133058190346 0.919048127532005 0.919015526771545 0.735241260752082 0.459515177831054 0.204266283661127 0.0102156338070927 1.50946289068088e-07 0 0 0 0 0 0 0 0 0 0 0.000137096180696972 0.000641750663635321 0 0.000121789550757967 0.00142774033301976 0.00621536280959845 0.18630219399929 0.552637565135956 0.603787116706371 0.519552955031395 0.428941598534584 0.543229877948761 0.507872119545937 0.625177638232708 0.788747146725655 0.83205306828022 0.790131318569183 0.718604370951653 0.79042894244194 0.80536961555481 0.860942825675011 0.858081528544426 0.851269474625587 0.385149116715183 0.0154811261202667 0.18689642243944
0.566392856538296 0.700569054484367 0.735554018616676 0.769437874555588 0.654644836485386 0.608442010879517 0.606338171362877 0.596702265739441 0.555132504850626 0.752015450149775 0.913378581404686 0.918012459278107 0.91782112121582 0.919133880734444 0.91904040813446 0.915964107513428 0.867967204004526 0.810783393322927 0.698546919613582 0.827172875404358 0.424502970278263 0.120634232461452 0.155461151897907 0.0874570700526238 0.0310636113910004 0.0524444145848975 0.0974541673064232 0.0407358548557386 0.0178327300149249 0.0836165241489653 0.137995798341581 0.220142982155085 0.21196021888114 0.129064183646697 0.20820987187326 0.720936534740031 0.895189030170441 0.88734247982502 0.782351286411285 0.858425454497337 0.866820415854454 0.830197883844376 0.841114450693131 0.860235601663589 0.86218042075634 0.861710850000382 0.860342526435852 0.860572162866592 0.860002802610397 0.856609150767326 0.851655783653259 0.857819427251816 0.704680262575857 0.411357131474651 0.778921395167708
0.542137860804796 0.408466672152281 0.216460566911555 0.273293115931883 0.141146395678516 0.165093512872845 0.114745529154316 0.320193812959042 0.165510173062939 0.422183477319777 0.733992935717106 0.766301648020744 0.863150438666344 0.917489892244339 0.918975852131844 0.919190237522125 0.919116547703743 0.919174622297287 0.918143327236176 0.890531848371029 0.728924551010132 0.75191602319479 0.786013548076153 0.718560177385807 0.662445150241256 0.630994933843613 0.702097437083721 0.526786037436687 0.559700164827518 0.712257985547185 0.744105640053749 0.845355305075645 0.83385238468647 0.748942718207836 0.785096950829029 0.890317857265472 0.895561053156853 0.89085598886013 0.876722112298012 0.87830181479454 0.88797994852066 0.85834325671196 0.857626883387566 0.85920078754425 0.858702227473259 0.84961491048336 0.856828939914703 0.850349866747856 0.84740954220295 0.841760319471359 0.85851326406002 0.861303008794784 0.861489015817642 0.860976473689079 0.861225043535233
0.328854878991842 0.222378693521023 0.0476570294689736 0.00605767340275634 0.000131680606500595 0.00755465590846143 0.0162008672785305 0.00557145636048517 0.0489104232525278 0.173934000916779 0.309990882873535 0.608937707543373 0.710701653361321 0.83321550488472 0.886083725094795 0.915834546089172 0.906087338924408 0.91861897110939 0.800638857483864 0.611348934471607 0.764613951742649 0.898242971301079 0.898734971880913 0.898033121228218 0.898512461781502 0.901709005236626 0.901973822712898 0.871948483586311 0.898802071809769 0.899218314886093 0.897544059157372 0.895775362849236 0.896550920605659 0.897075265645981 0.895144432783127 0.896231469511986 0.893719294667244 0.885957792401314 0.878569859266281 0.866615524888039 0.842404276132584 0.693747049570084 0.844649985432625 0.853140816092491 0.836686539649963 0.836246517300606 0.853862017393112 0.845761507749557 0.802980908751488 0.795582234859467 0.85598079264164 0.860247966647148 0.8485097438097 0.856805977225304 0.858490106463432
0.403731778562069 0.252749363332987 0.0737731263134628 0.0204823180982203 0.000124289816449163 0.00554221249374677 0.0117901354534843 0.0402647486727801 0.107385630179197 0.159754303880036 0.15919049307704 0.42903262577951 0.591986110508442 0.667327737808228 0.839512122869492 0.893431753516197 0.870877727866173 0.875854022502899 0.763009202480316 0.449845245480537 0.716412975788116 0.863934619426727 0.87973310649395 0.897019613385201 0.900770601630211 0.898812320828438 0.897980549931526 0.900164917707443 0.896866968274116 0.893211730718613 0.88571909070015 0.890665629506111 0.891780911684036 0.891724411249161 0.884551870822907 0.8632983481884 0.857686083912849 0.855586013197899 0.873431715965271 0.851596043109894 0.747832316160202 0.719366738200188 0.787505823969841 0.825351259112358 0.823757242560387 0.785660389065743 0.811532667279243 0.78683686196804 0.743399848937988 0.776412644982338 0.817588225603104 0.805955730080605 0.79720544219017 0.83605540394783 0.843739141225815
0.500501534938812 0.437724979221821 0.278173404708505 0.0968125513665291 0.0313785301925236 0.0503751543055114 0.0523535090964288 0.0440031989943236 0.0560164413228631 0.0640432246215641 0.0516730683855712 0.233804333135486 0.444114735722542 0.578295189142227 0.651152583956718 0.776376927196979 0.609896270930767 0.443296521008015 0.414472033679485 0.248703649640083 0.576656016409397 0.676143763959408 0.658627638220787 0.775877624750137 0.891083398461342 0.889995646476746 0.889867148995399 0.886971259117126 0.878351765871048 0.86969222009182 0.864203462004662 0.872956278920174 0.869641179442406 0.868971477746963 0.860172781348228 0.842409816980362 0.844744927883148 0.858826586604118 0.849005846977234 0.790519315600395 0.698618397116661 0.457035871148109 0.671316050291061 0.790267592668533 0.805267910957336 0.757462111115456 0.806169778108597 0.709536098837853 0.723093079328537 0.781018561124802 0.797136048674583 0.746760703325272 0.740922883152962 0.780919639468193 0.793663783669472
0.381044799089432 0.309716239571571 0.337552563846111 0.333457063138485 0.338672406971455 0.326797421276569 0.329238192737103 0.247815591283143 0.0994732165709138 0.0653333603404462 0.0787506396882236 0.298577582836151 0.42218649238348 0.408377781510353 0.4424845084548 0.446794000267982 0.370048321783543 0.365895803272724 0.32780550122261 0.454012326896191 0.331279963254929 0.200438314676285 0.502782933413982 0.718563172221184 0.841418847441673 0.86185248196125 0.84361657500267 0.82288473546505 0.739574491977692 0.750381335616112 0.813103538751602 0.86134247481823 0.832967686653137 0.8258654743433 0.806418210268021 0.800040608644485 0.7913314640522 0.820612713694572 0.823389232158661 0.773446288704872 0.675834402441978 0.710620608925819 0.71885025203228 0.73151221871376 0.750089117884636 0.635643503069878 0.788402810692787 0.7300936460495 0.719164708256722 0.727216988801956 0.76426092684269 0.75372231900692 0.738352969288826 0.664734479784965 0.648024356365204
0.333067933022976 0.387279732525349 0.399393521249294 0.388243144750595 0.378427317738533 0.373715572655201 0.359850933849812 0.348461301624775 0.316561728566885 0.245846255198121 0.249235197901726 0.318487859219313 0.372462275624275 0.379592128098011 0.402337067425251 0.388916277885437 0.364553266763687 0.383641622364521 0.343846127986908 0.355052889883518 0.23413864530623 0.117521171197295 0.340989039838314 0.789881479144096 0.833062432408333 0.851631641387939 0.825162001252174 0.806443338394165 0.705437165498733 0.702887153625488 0.804965354800224 0.807958415150642 0.778617520928383 0.792069792151451 0.749663776159286 0.695980492830277 0.767892937660217 0.792477571964264 0.780455160140991 0.769809700250626 0.725241312384605 0.677515496015549 0.629400650858879 0.639009304344654 0.668756550848484 0.778317677974701 0.815839728713036 0.779374871253967 0.676180028319359 0.734850314259529 0.764185539484024 0.59298864454031 0.588495050370693 0.542581413090229 0.556717180907726
0.366998997032642 0.385761815309525 0.361766153872013 0.34719595015049 0.361486877501011 0.350716474950314 0.298123552501202 0.264594050496817 0.307203125208616 0.29811121314764 0.353768503665924 0.367702296674252 0.38368926525116 0.409133116900921 0.375740280151367 0.313362058401108 0.268712997436523 0.286263003647327 0.351033857166767 0.413922424614429 0.412243369817734 0.37935547888279 0.24546857252717 0.657562076300383 0.718326377868652 0.780752867460251 0.731603020429611 0.735334724187851 0.695482841134071 0.654462943673134 0.7298133289814 0.670566156506538 0.676179014444351 0.723010221719742 0.640192237496376 0.661310163736343 0.693124607205391 0.719049164652824 0.704330895543098 0.713925714492798 0.697868421673775 0.672827486395836 0.687311463952065 0.56505676060915 0.650465120971203 0.685793359279633 0.733621168136597 0.647967202067375 0.646422212123871 0.794710999727249 0.710305323600769 0.537331215441227 0.548983584344387 0.451921142041683 0.524303450882435
0.400469243526459 0.396565027534962 0.361207203567028 0.351327338814735 0.314847819507122 0.294015355408192 0.270493456721306 0.235865224152803 0.251625531166792 0.278883828222752 0.346527747809887 0.358805674314499 0.365965861082077 0.421541079878807 0.400412000715733 0.376130287349224 0.319385997951031 0.327089585363865 0.350819800794125 0.394259922206402 0.442021735012531 0.421889820694923 0.197532325983047 0.457442863285542 0.566573664546013 0.592533722519875 0.632014554738998 0.669131270051002 0.606218382716179 0.640911340713501 0.647316393256187 0.659627199172974 0.66289077103138 0.606566786766052 0.56081160902977 0.616452890634537 0.63444094657898 0.651278853416443 0.616288560628891 0.619705873727799 0.668520599603653 0.738558197021484 0.693128231167793 0.639800250530243 0.616441270709038 0.589884254336357 0.531284868717194 0.594438254833221 0.57634237408638 0.619380742311478 0.60014129281044 0.534349122643471 0.53313210606575 0.542660322785377 0.673153871297836
0.393632351756096 0.396679596602917 0.359469085335732 0.35885605186224 0.283241617679596 0.249813637435436 0.264212162196636 0.268678188323975 0.28458884626627 0.304055560529232 0.302565731108189 0.336150091290474 0.382556265294552 0.353942275047302 0.382014654278755 0.391073378622532 0.370862324535847 0.427368614673614 0.474971948862076 0.458221620321274 0.332411158122122 0.228127625007182 0.0984857923351228 0.500184678137302 0.618294358849525 0.563439345359802 0.577643798589706 0.559279354214668 0.612419214844704 0.69295968234539 0.684413877129555 0.733517983555794 0.726817329525948 0.659210609197617 0.644501635432243 0.611947817802429 0.630895038247108 0.635249909758568 0.659086773991585 0.680738513469696 0.663043320178986 0.6831018191576 0.614047572016716 0.580135059356689 0.512085959911346 0.475041133761406 0.463238428533077 0.49651906311512 0.477844725549221 0.506891369819641 0.539419468641281 0.509618038535118 0.585557237267494 0.682945412397385 0.653133196234703
0.387407193183899 0.414773438870907 0.377490922808647 0.421512167155743 0.386962865293026 0.30596611559391 0.331435143351555 0.395044998824596 0.421706852912903 0.374434239566326 0.311428008973598 0.33675131469965 0.335831428170204 0.359972862899303 0.36699556350708 0.418118121027946 0.474367959797382 0.495880229771137 0.494822067022324 0.404917968809605 0.114839563630521 0.0586727911233902 0.118010762892663 0.500952868908644 0.605934516191483 0.590427404642105 0.580942104458809 0.589267485141754 0.648728621006012 0.691176462173462 0.745448399782181 0.809484562277794 0.784192959666252 0.540476289987564 0.315907888114452 0.606492663323879 0.744668909907341 0.733363798260689 0.723834022879601 0.627537777349353 0.42168126180768 0.334353261813521 0.523685284554958 0.575625133514404 0.495549024939537 0.423869321495295 0.470285273343325 0.435910582244396 0.40901188403368 0.40914938300848 0.398312838375568 0.509490879178047 0.629306235909462 0.498068981766701 0.575200173854828
0.434221251308918 0.408308543264866 0.387569977343082 0.445186215639114 0.404179111123085 0.364420534670353 0.432987368106842 0.424678564071655 0.504843725264072 0.501706245541573 0.407622702419758 0.41665757894516 0.389501099288464 0.37360804527998 0.371489319205284 0.412309305369854 0.492944777011871 0.569577869772911 0.483172485232353 0.284448588266969 0.0937071397900581 0.0878076452761889 0.0892608966678381 0.308598114550114 0.594492325186729 0.615824207663536 0.591192263364792 0.638290339708328 0.737125515937805 0.815338152647018 0.865335515141487 0.886038392782211 0.872693791985512 0.828756934404373 0.668818145990372 0.775049191713333 0.790786239504814 0.781146124005318 0.798338443040848 0.346107730269432 0.101153776049614 0.0879417106509209 0.215406809002161 0.595242723822594 0.758054399490356 0.639821269363165 0.364286292344332 0.545716495811939 0.638396167755127 0.576203353703022 0.607695446908474 0.729817566275597 0.647362262010574 0.52795647084713 0.589455765485764
0.449042660593987 0.435611568391323 0.401831032037735 0.416120225191116 0.383285708725452 0.40374685883522 0.449266269207001 0.438974037766457 0.454232629537582 0.460577708482742 0.426730641722679 0.441666398048401 0.461785383224487 0.358623006939888 0.334744897186756 0.390732913911343 0.433372949063778 0.489051495492458 0.449865820929408 0.161697491630912 0.119511666148901 0.239193911477923 0.195178158581257 0.221703744605184 0.473486206233501 0.628060108423233 0.656537157297134 0.797126007080078 0.843228155374527 0.852549289464951 0.847468717098236 0.816300350427628 0.854898157119751 0.793672906160355 0.829928264021873 0.849449977874756 0.859605870246887 0.804965978860855 0.500337610393763 0.150557207986712 0.10878870151937 0.0869941574335098 0.0994024428725243 0.385008830577135 0.736238993406296 0.745937011539936 0.691073231399059 0.72503219306469 0.749662610292435 0.789105981588364 0.76624350965023 0.72483202278614 0.757501912117004 0.649501888751984 0.706922454237938
0.422253082692623 0.406092557311058 0.406159017384052 0.418014897108078 0.426636843383312 0.502279231250286 0.470169115960598 0.446589596569538 0.372513412833214 0.423296086192131 0.425432199239731 0.44807664334774 0.401038004755974 0.38742913454771 0.411414085328579 0.431029599308968 0.429126521945 0.42388967782259 0.384270610660315 0.0660308195278048 0.169003636986017 0.525249039381742 0.620823311805725 0.545411109626293 0.584887454211712 0.665054872632027 0.734720492362976 0.728193187117577 0.753673714399338 0.647681289315224 0.637490737438202 0.619226087629795 0.665311386287212 0.821681549549103 0.855346494913101 0.872566426992416 0.834754251390696 0.486065863072872 0.078017670661211 0.0863726223260164 0.0847066950052977 0.0681257168203592 0.0695152583159506 0.162715183477849 0.527011186033487 0.609797809720039 0.560244357585907 0.557228129506111 0.581313360929489 0.732520154118538 0.77091964840889 0.806653060913086 0.818494310975075 0.822240414619446 0.81265212059021
0.484180307388306 0.412120901048183 0.461863453686237 0.458758172392845 0.437448516488075 0.487736397981644 0.502358238399029 0.48909817636013 0.373631127178669 0.375058302283287 0.408861473202705 0.365249060094357 0.33676713258028 0.369393780827522 0.380820544064045 0.418259300291538 0.400448568165302 0.366274713724852 0.0923658300191164 0.0653890920802951 0.0601787926629186 0.284155052155256 0.558843582868576 0.545553803443909 0.576931968331337 0.601172730326653 0.675988492369652 0.676364213228226 0.670113027095795 0.385034247860312 0.315801506862044 0.573906756937504 0.727690322697163 0.86944565474987 0.823841527104378 0.669303306937218 0.32227988652885 0.0238872952759266 0 0.0301981214433908 0.0645867353305221 0.0534678908064961 0.0436128432862461 0.174964062403888 0.421956492215395 0.391325563192368 0.37098266929388 0.345627272129059 0.347306348383427 0.415241807699203 0.554635356366634 0.660250079631805 0.669699653983116 0.645685148239136 0.718584582209587
0.501775330603123 0.479239393770695 0.482817381322384 0.475405640602112 0.428309467434883 0.503950818479061 0.457420403063297 0.455380231142044 0.493453465104103 0.403204278945923 0.374205872416496 0.324091849625111 0.317085241377354 0.361696018278599 0.392054755985737 0.420569350421429 0.398132812976837 0.295200973190367 0.0701729573309422 0.0579624157398939 0.0371523783355951 0.0743471276015043 0.18647955628112 0.520091551933438 0.634952484369278 0.686720421910286 0.665737400650978 0.706322485208511 0.654338154196739 0.450785673484206 0.370606921836734 0.508840914070606 0.372632872462273 0.139113552346826 0.124753059726208 0.09448580192402 0.063488445840776 0.0120888090692461 0.00104496900108643 0.00535027420963161 0.0346757756895386 0.0498616577126086 0.0629330430552363 0.195284365676343 0.283334233760834 0.321571647673845 0.352752923965454 0.316758630871773 0.318215979337692 0.363649831712246 0.392876451313496 0.438012984991074 0.519821947813034 0.59664057135582 0.656630223989487
0.463989661931992 0.474918255209923 0.441838687360287 0.421038898825645 0.397439908981323 0.485649576187134 0.468792506754398 0.447989162802696 0.507936588525772 0.437220460474491 0.360909099876881 0.361155934631824 0.400437879264355 0.393765036761761 0.453385583758354 0.443507910519838 0.28258965795394 0.0675292015937157 0.0380744277848862 0.0364813536405563 0.022247920949012 0.0424002649262547 0.0255453548394144 0.237410597074777 0.626768491864204 0.659223882853985 0.58442631572485 0.595376823842525 0.551101142168045 0.277591357529163 0.276796430945396 0.355615588277578 0.223571512959898 0.0128398683294654 0.00611386456293985 0.0396668946160935 0.0466553035005927 0.0188084011897445 0.00353567330399528 0.00768593347631395 0.0403873304254375 0.0492896412499249 0.0517582305893302 0.0626515913754702 0.0808866610378027 0.238325676545501 0.29254894554615 0.297765532284975 0.3069715487957 0.306643810868263 0.332581920325756 0.34226342767477 0.355799677968025 0.443158519864082 0.602997485697269
0.43833571523428 0.431359738111496 0.402286668121815 0.371372166275978 0.38869221508503 0.425531414151192 0.518605634570122 0.544696629047394 0.555120277404785 0.437100118398666 0.414135962724686 0.420356968045235 0.464080733060837 0.507378794252872 0.480759815871716 0.369080761261284 0.0572145235491917 0.0132503023953177 0.0340994127909653 0.0372983850538731 0.0308331756852567 0.0396156322211027 0.0393457617610693 0.0850706523284316 0.376728432998061 0.398914434015751 0.410827597975731 0.342090347409248 0.331269271671772 0.193574552983046 0.191544988006353 0.183050998486578 0.0662516815587878 0.0198760542087257 0 0.0117108721286058 0.0451306378468871 0.0467823394574225 0.0393849213607609 0.0461171792820096 0.0452005388215184 0.0478448297828436 0.0472414655610919 0.0483202720060945 0.0486968325451016 0.0524048034101725 0.100909473374486 0.231300218775868 0.291045515239239 0.292396157979965 0.293914733827114 0.296685603260994 0.334838926792145 0.334210149943829 0.454765869677067
0.453014647066593 0.412078668177128 0.380549467206001 0.381585659682751 0.43512416779995 0.458949981629848 0.481626055836678 0.442526678740978 0.425367312729359 0.450468613505363 0.451148281991482 0.473381713628769 0.457517575919628 0.460150660574436 0.313455391824245 0.0620396558940411 0.0309391940012574 0.035613091699779 0.0388231613487005 0.0341759102419019 0.0343845232948661 0.0383316930010915 0.0395403921604156 0.0407607477530837 0.151226226910949 0.224012706056237 0.133775574378669 0.161530298627913 0.111819347180426 0.0589437689632177 0.0531027533113956 0.0528078347444534 0.0514305840432644 0.0406924599129707 0.0153331564273685 0.0285078370571136 0.0475545352324843 0.0506862513720989 0.0512009020894766 0.0508613224700093 0.0415725527331233 0.0455091679096222 0.0476267457380891 0.0465953288599849 0.0476809987798333 0.0467515114694834 0.0471176151186228 0.129027420841157 0.283358491063118 0.28856171220541 0.289438954889774 0.293802013397217 0.309688301384449 0.318851332068443 0.386162438392639
0.414690017998219 0.411579971015453 0.420153455734253 0.41948921084404 0.41562716960907 0.446003788411617 0.431703724563122 0.401609529554844 0.357980960607529 0.391584705710411 0.408295182883739 0.453630502671003 0.379593265354633 0.356188257038593 0.107574155791663 0.0233218680834398 0.0329863425344229 0.0418625659495592 0.039302533864975 0.0360648397356272 0.0366548105329275 0.0404604537412524 0.0371924336999655 0.0406737941130996 0.0497330785170197 0.05527852345258 0.0440523540228605 0.0468557277694345 0.0485763816162944 0.0471031006425619 0.0484204864501953 0.0475232183933258 0.0475863792002201 0.0479279705509543 0.0477583181113005 0.0481647020205855 0.0483617592230439 0.0496951147913933 0.0507198644429445 0.0514250911027193 0.0440587691962719 0.044199904948473 0.0467294501140714 0.0463689437136054 0.0465421134233475 0.0459745126962662 0.0469846380874515 0.0623160108178854 0.143197285570204 0.247218614816666 0.287748046219349 0.290179376602173 0.299791999161243 0.295355326235294 0.256393085844102
0.393000131845474 0.453357934951782 0.436771060526371 0.405340152978897 0.400585271418095 0.398847790062428 0.405990347266197 0.47618430107832 0.417987811565399 0.408838455379009 0.343521730974317 0.109703978709877 0.0608608217909932 0.279983326792717 0.364144438505173 0.0706412585452199 0.0409125871956348 0.0388495244085789 0.0387376293540001 0.0402659960091114 0.0433314019814134 0.0429510444402695 0.0390995740890503 0.0444273728877306 0.0475149409845471 0.047018364071846 0.0468313906341791 0.0470647737383842 0.0466978186741471 0.0495551750063896 0.0500083578750491 0.0482917949557304 0.0503671435639262 0.0531245900318027 0.0518326051533222 0.0491505939513445 0.0498858386650681 0.0513705238699913 0.0526475904509425 0.0521334804594517 0.0531685361638665 0.043939108774066 0.0401559483259916 0.0445898426696658 0.0475171703845263 0.0465586239472032 0.0467357002198696 0.047097796946764 0.0473474204540253 0.0806575249880552 0.247181959822774 0.288937567174435 0.291129007935524 0.280105540156364 0.0776918057865259
0.347759473323822 0.446071380376816 0.411668246984482 0.413542572259903 0.337634336948395 0.416900165081024 0.31241392582655 0.294077315926552 0.248915154989809 0.123555275760591 0.0983354603871703 0.058927394002676 0.0400967623665929 0.0568175539374352 0.0841188803315163 0.0387379954010248 0.0376701498404145 0.0284919663053006 0.0338946789968759 0.0399737117812037 0.0405299791693687 0.0407584746181965 0.0446387115865946 0.0484679782018065 0.0477423876523972 0.0475917667150497 0.0472173070535064 0.0478418297693133 0.0470041194930673 0.0491720927506685 0.0521719960868359 0.0508541373535991 0.0532770933955908 0.0625147105380893 0.0585528025403619 0.0509143301844597 0.0514555834978819 0.0485641684383154 0.0496068042144179 0.0533948601782322 0.042648184299469 0.0413245075568557 0.0381099728867412 0.0474003164097667 0.0464111257344484 0.0457222014293075 0.0467356126755476 0.0463287298753858 0.0463318673893809 0.0465412715449929 0.184198484458029 0.285751091837883 0.289617429673672 0.291511270999908 0.0962704924827267
