All_rasters_2/Pastures.asc
NCOLS 176 
NROWS 173 
XLLCORNER -17.5416666666667 
YLLCORNER -34.7083333333334 
CELLSIZE 0.416666666666667 
NODATA_value -9999 
[rows 50 to 74 of 173, columns 110 to 164 of 176]
0.00101851677671903 0.0145106019488958 0.00369933714166109 5.41335575690027e-06 0 0.000836527021601796 0.00468440751574235 0.0360982366395183 0.207691959298972 0.665835747122765 0.789987551569939 0.83189467549324 0.847035443782806 0.846610190868378 0.85824967622757 0.861612206697464 0.862083457112312 0.861971496939659 0.820439440011978 0.797129071950912 0.782269020080566 0.768765768408775 0.797219232320786 0.850201810598373 0.811468529701233 0.655309023297563 -9999 -9999 -9999 -9999 -9999 -9999 -9999 -9999 -9999 -9999 -9999 -9999 -9999 -9999 -9999 -9999 -9999 -9999 -9999 -9999 -9999 -9999 -9999 -9999 -9999 -9999 -9999 -9999 -9999
0.0081557787652514 0.0155870159018014 0.123618054915551 0.373707363009453 0.249942524803319 0.0492963532902195 0.0309506051591598 0.320404438972473 0.787074979245663 0.851638031005859 0.707364481091499 0.853095935583115 0.845171931385994 0.837559426426888 0.855608771443367 0.859243270754814 0.791475180089474 0.747538438141346 0.746175161004066 0.702938188910484 0.766235229969025 0.823401725292206 0.861854076385498 0.810420894622803 0.770990085601807 0.734257671833038 -9999 -9999 -9999 -9999 -9999 -9999 -9999 -9999 -9999 -9999 -9999 -9999 -9999 -9999 -9999 -9999 -9999 -9999 -9999 -9999 -9999 -9999 -9999 -9999 -9999 -9999 -9999 -9999 -9999
0.199299212079495 0.243435683584539 0.74797069132328 0.862232089042664 0.81833775639534 0.676102122664452 0.578439347445965 0.721353255212307 0.861242678761482 0.774089604616165 0.504799893498421 0.803908812999725 0.842356666922569 0.85049429833889 0.85999867618084 0.857670769095421 0.715570871531963 0.438357435166836 0.785505801439285 0.669326820969582 0.859234654903412 0.886169731616974 0.874519336223602 0.869593122601509 0.794365793466568 0.702559399604797 0.661715267598629 -9999 -9999 -9999 -9999 -9999 -9999 -9999 -9999 -9999 -9999 -9999 -9999 -9999 -9999 -9999 -9999 -9999 -9999 -9999 -9999 -9999 -9999 -9999 -9999 -9999 -9999 -9999 -9999
0.815243358910084 0.784170123040676 0.859368270039558 0.861627238988876 0.85563013792038 0.859127274751663 0.861552968621254 0.859747030735016 0.858565103411674 0.823055693507195 0.482418161481619 0.280803024023771 0.631264390051365 0.787494545578957 0.823429332375526 0.845355126261711 0.762797270417213 0.527184139490128 0.696654808521271 0.745749272704124 0.820816500782967 0.851955193281174 0.82460308611393 0.830457503199577 0.829907089471817 0.683531898856163 0.789740947782993 0.603226609528065 0.392691323906183 -9999 -9999 -9999 -9999 -9999 -9999 -9999 -9999 -9999 -9999 -9999 -9999 -9999 -9999 -9999 -9999 -9999 -9999 -9999 -9999 -9999 -9999 -9999 -9999 -9999 -9999
0.860994830727577 0.85409059882164 0.847026005387306 0.857434424757958 0.846280481815338 0.815321136713028 0.815733751654625 0.843190203905106 0.804501768946648 0.711761671304703 0.436386430040002 0.130991169661283 0.35127738006413 0.562698366641998 0.673004101514816 0.679370242357254 0.47491246715188 0.443645261079073 0.47835862711072 0.56071885868907 0.772233880758285 0.83812510073185 0.697586781680584 0.562662952244282 0.705095663666725 0.645568189322948 0.686192873418331 0.715525757521391 0.605376042276621 0.584498790793709 -9999 -9999 -9999 -9999 -9999 -9999 -9999 -9999 -9999 -9999 -9999 -9999 -9999 -9999 -9999 -9999 -9999 -9999 -9999 -9999 -9999 -9999 -9999 -9999 -9999
0.851707935333252 0.838012155890465 0.815603569149971 0.804078787565231 0.788974821567535 0.714857119321823 0.601023152470589 0.732268399000168 0.688659504055977 0.640915408730507 0.218825140967965 0.23159182369709 0.212505539879203 0.379433743655682 0.410315630584955 0.310858052223921 0.195068961381912 0.302727934718132 0.354013029485941 0.439791495352983 0.462840594351292 0.361341387033463 0.48796783387661 0.439994661509991 0.394466504454613 0.403388111293316 0.442682829499245 0.340206857770681 0.152870410191827 0.359157262998633 0.605476789176464 -9999 -9999 -9999 -9999 -9999 -9999 -9999 -9999 -9999 -9999 -9999 -9999 -9999 -9999 -9999 -9999 -9999 -9999 -9999 -9999 -9999 -9999 -9999 -9999
0.819839343428612 0.804922420978546 0.735562171339989 0.729378399252891 0.731475496888161 0.654987766742706 0.590099409222603 0.666658318638802 0.693588283061981 0.70481963455677 0.35847061753273 0.359763937294483 0.237342844903469 0.47815035700798 0.332798018753529 0.187653796374798 0.233150019198656 0.224854802936316 0.25147655159235 0.350025279968977 0.253369908630848 0.136031084135175 0.248759794682264 0.309892644137144 0.340100748836994 0.376143092215061 0.430236633419991 0.341011425852776 0.0383498939406127 0.015652554682456 0.229314465820789 0.604712883085012 -9999 -9999 -9999 -9999 -9999 -9999 -9999 -9999 -9999 -9999 -9999 -9999 -9999 -9999 -9999 -9999 -9999 -9999 -9999 -9999 -9999 -9999 -9999
0.719123992323875 0.692750128507614 0.677079710960388 0.664373829960823 0.675988832712173 0.672858172655106 0.537776673585176 0.418152078092098 0.609241037964821 0.788709414005279 0.482873037308454 0.270090569555759 0.226969688385725 0.291170822381973 0.35578095972538 0.250696404278278 0.20146203070879 0.194822588562965 0.240246611833572 0.222187757194042 0.04391965623945 0.145111012551934 0.15711828539148 0.300019070059061 0.540092937648296 0.464793787300587 0.408558765947819 0.461469921469688 0.0661623689346015 0.00184430351480842 0.0216228604316711 0.271561851203442 0.576198632419109 -9999 -9999 -9999 -9999 -9999 -9999 -9999 -9999 -9999 -9999 -9999 -9999 -9999 -9999 -9999 -9999 -9999 -9999 -9999 -9999 -9999 -9999
0.562709629535675 0.687723371386528 0.651869004964828 0.67650018632412 0.727091887593269 0.684640343487263 0.300723273307085 0.228180879354477 0.449530023336411 0.697909981012344 0.616552448272705 0.26780768558383 0.247411508113146 0.287398760020733 0.30118857100606 0.25257021561265 0.149255415517837 0.12629242585972 0.239983895793557 0.0298499889671803 0.00272960384463659 0.0322858528234065 0.270481945481151 0.406496605277061 0.600732013583183 0.583362150192261 0.428575441241264 0.561420902609825 0.174552439153194 0.00508620142936707 0 0 0.257451000809669 0.613963317991507 -9999 -9999 -9999 -9999 -9999 -9999 -9999 -9999 -9999 -9999 -9999 -9999 -9999 -9999 -9999 -9999 -9999 -9999 -9999 -9999 -9999
0.591205012798309 0.665578754544258 0.608046464920044 0.631969401240349 0.704994609951973 0.640848215520382 0.505818611383438 0.435627859830856 0.505685701668262 0.736644569039345 0.684052232503891 0.295207309871912 0.223366922140121 0.265810289233923 0.367269332706928 0.538477538526058 0.112993691097945 0.0180638239951804 0.0586645230825525 0.00748683928861283 0.0423143170421827 0.14844725728035 0.326498291231692 0.451101468205452 0.560004930198193 0.581275581121445 0.46934780985117 0.511191464960575 0.278013276904821 0.0315455663739704 0.000741577113512903 0.000111039780022111 0.0146597453954746 0.292963328957558 0.631720007061958 0.597527543849805 -9999 -9999 -9999 -9999 -9999 -9999 -9999 -9999 -9999 -9999 -9999 -9999 -9999 -9999 -9999 -9999 -9999 -9999 -9999
0.631840336322784 0.710685239434242 0.640722334980965 0.642145784199238 0.651983536779881 0.648016605377197 0.629100215435028 0.580451271235943 0.454656353592873 0.551887898147106 0.6605196839571 0.330721963196993 0.189502922445536 0.208345963060856 0.335860713124275 0.450288207828999 0.0523810959441744 0.0127841717223328 0.00830862494185567 0.0356261362822261 0.131090927869081 0.0836112960241735 0.199501039069146 0.332016528695822 0.471737426519394 0.569958744347095 0.537709532380104 0.495150779187679 0.374700721353292 0.0798092920170166 0.00253437365172431 0.00190928733994951 0.021218250724778 0.372432613372803 0.671041222214699 0.630523765534163 -9999 -9999 -9999 -9999 -9999 -9999 -9999 -9999 -9999 -9999 -9999 -9999 -9999 -9999 -9999 -9999 -9999 -9999 -9999
0.675028860569 0.754298776388168 0.807106530666351 0.619376964867115 0.566728340089321 0.688235068321228 0.588274240493774 0.682763954997063 0.490905566513538 0.519748441874981 0.527803120017052 0.275736147910356 0.228281870484352 0.268076271563768 0.335949958860874 0.53034795820713 0.182069957628846 0.00816705849138089 0.000368866516510025 0.0539313096553087 0.238018859550357 0.119610719848424 0.168701016996056 0.241289760917425 0.462234660983086 0.487887705862522 0.462017548084259 0.446232430636883 0.563435232639313 0.199291059398092 0.0498369255801663 0.0936760494019836 0.256846770993434 0.665531024336815 0.576838318096555 -9999 -9999 -9999 -9999 -9999 -9999 -9999 -9999 -9999 -9999 -9999 -9999 -9999 -9999 -9999 -9999 -9999 -9999 0.444058552568341 0.368661904707551
0.717997989058495 0.6793440335989 0.74080227792263 0.620348587632179 0.739139007925987 0.695712478160858 0.693912899494171 0.584318564534187 0.567240672111511 0.593779012560844 0.467670938074589 0.362441489696503 0.354171141982079 0.498329319953918 0.409397858083248 0.605338901281357 0.121232230364112 0.000705606451956555 0.0346598183125025 0.217994867551024 0.167258392050862 0.171346798911691 0.271558794230223 0.347024217247963 0.445020419359207 0.487594921588898 0.473749150931835 0.270927007496357 0.311764335818589 0.0840844172425568 0.0671208393760026 0.113416011380032 0.413048660056666 0.684692710638046 0.619694802314043 0.490921660230078 -9999 -9999 -9999 -9999 -9999 -9999 -9999 -9999 -9999 -9999 -9999 -9999 0.153885707748517 0.0849451357764857 0.309616069486247 0.568007102138118 0.64642102226615 0.765789456367493 0.538310386692033
0.763826885819435 0.656749892234802 0.7253762114048 0.715667322278023 0.739099269509315 0.73749830365181 0.687585863471031 0.696898858547211 0.671218207478523 0.59993194937706 0.449132471382618 0.454927936792374 0.562039168179035 0.695701183378696 0.565637659374625 0.535308265406638 0.060037098210305 0.0212398165185004 0.0249804024439072 0.215675691614742 0.204497822746634 0.156100373342633 0.19283863261342 0.311334854066372 0.380059126019478 0.433278465867043 0.409451510608196 0.301960252225399 0.0896927132084966 0.0353039968013763 0.0489783141762018 0.0151772187976167 0.203574645849876 0.276141272432869 0.18723208956304 0.475553641580045 0.794807342014142 -9999 -9999 -9999 -9999 -9999 -9999 -9999 -9999 0.311868019510883 0.388377705439925 0.444779940694571 0.521227367967367 0.519512232989073 0.542767648473382 0.767702139914036 0.81696467757225 0.691801671087742 0.43320428673178
0.741246238350868 0.799093493819237 0.795655283331871 0.76423679292202 0.741141518950462 0.763292270898819 0.774709939956665 0.808030939102173 0.715301129221916 0.664316147565842 0.652410396933556 0.523760148882866 0.605392545461655 0.706076923012734 0.422117224428803 0.0407607052475214 0.00660856782924384 0.0999558160081506 0.19616674259305 0.124000869924203 0.190716057503596 0.177887015044689 0.18551928550005 0.238636748492718 0.396431811153889 0.350416633486748 0.357839831709862 0.360237307846546 0.139428006112576 0.339459604024887 0.326084479689598 0.0396387045271695 0.0383111641742289 0.0195636606658809 0.081469616421964 0.527029534429312 0.793325394392014 0.789383566077751 -9999 -9999 0.0199723193662989 0.0384694397036639 0.12146317504812 0.197292595356703 0.508132661134005 0.618684932589531 0.243659608066082 0.144133266061544 0.177461858838797 0.321586509048939 0.191602814756334 0.164502731524408 0.396060692891479 0.382896588742733 -9999
0.788263094425201 0.788572918176651 0.722925107479095 0.730865859985352 0.746892755627632 0.782277121543884 0.801276808977127 0.798239730000496 0.75340723991394 0.745799204707146 0.604973810315132 0.546403514742851 0.756583407521248 0.796250268220902 0.350437662415206 0.161190053727478 0.140693875062279 0.0384833238925785 0.0815254398155957 0.173401880757883 0.227799312220886 0.132708259671927 0.236329799443483 0.392668773233891 0.389695969223976 0.37503061324358 0.382149106264114 0.334255418181419 0.112216847985983 0.165766039788723 0.138088501989841 0.137124456167221 0.103027259260416 0.256302101351321 0.454616153873503 0.696992862224579 0.665833902359009 0.478802912831306 0.549997786581516 0.461333402464516 0.416691838919069 0.386527447891422 0.18624547442887 0.329692399501801 0.52107076138258 0.412198835611343 0.383705346882343 0.197217279449105 0.410028430074453 0.49529815196991 0.543861213065684 0.434030619077384 0.451565130874515 0.495478572634359 -9999
0.743988114595413 0.688066836595535 0.635185247063637 0.657316267490387 0.663004393577576 0.724855340719223 0.732439598441124 0.731997131109238 0.752599720358849 0.641307899355888 0.63042155623436 0.754748573303223 0.765020900964737 0.690616273581982 0.251122925169766 0.339876719564199 0.363855230510235 0.268619301440194 0.0980111876968294 0.296912161633372 0.382913706153631 0.218219076097012 0.241587572693825 0.489045675992966 0.37910277992487 0.29624044328928 0.26310121268034 0.331159710884094 0.0529943282902241 0.0137058407068253 0.0242950960993767 0.284242298007011 0.490702251493931 0.559106068313122 0.558080360293388 0.58543601244688 0.783722820878029 0.706089850068092 0.743311153650284 0.776729109883308 0.772946189641952 0.751300491988659 0.645408104360104 0.592948534488678 0.35379509344697 0.17456361874938 0.360931904017925 0.357251511737704 0.470628587901592 0.53720501512289 0.393252910077572 0.372805359959602 0.408520714044571 0.540782297650973 -9999
0.736698642373085 0.667255628108978 0.678358975052834 0.695991724729538 0.748719480633736 0.799634996056557 0.828810542821884 0.816585531830788 0.801052123308182 0.742113277316093 0.728386604785919 0.81836813390255 0.819624856114388 0.70624545365572 0.260773991793394 0.303966846317053 0.307074885070324 0.170830015465617 0.195281704887748 0.348713587224483 0.402758215367794 0.4319853708148 0.212819530814886 0.328901833295822 0.353410415351391 0.267393387109041 0.29408647492528 0.487834714353085 0.242524473369122 0.276259854435921 0.307597279548645 0.373879963159561 0.355898542702198 0.221488976851106 0.350624342635274 0.408278548717499 0.571096513420343 0.631210077553988 0.736938101053238 0.814684897661209 0.764963707327843 0.714250531792641 0.7072723954916 0.663543203473091 0.471229803562164 0.261843986809254 0.45727161616087 0.584317348897457 0.520262159407139 0.521099932491779 0.440701742470264 0.4194251075387 0.547899009287357 -9999 -9999
0.687763065099716 0.652302331924438 0.737340339422226 0.722623956203461 0.790570799708366 0.821318230032921 0.839935073256493 0.836402874588966 0.804884985089302 0.829640585184097 0.836955053210259 0.846109043359756 0.850706607103348 0.71605963408947 0.205987520962954 0.220900245010853 0.168836173266172 0.162470716461539 0.223171398416162 0.370178585350513 0.466708236038685 0.42387148141861 0.306062712967396 0.192948946356773 0.252134735137224 0.189561474919319 0.30382762208581 0.516825960576534 0.279606371819973 0.407839356958866 0.460669757425785 0.492387365996838 0.435291108661331 0.0311044183792546 0.0151778922230005 0.0340562480688095 0.122719528898597 0.109120616591536 0.311225567470537 0.517059041559696 0.636199124157429 0.681442298293114 0.68355119228363 0.6906223320961 0.597718407213688 0.470099265873432 0.397943926155567 0.381479496955872 0.265381787717342 0.437628447115421 0.489791755974293 0.61038496941328 0.649686068296432 -9999 -9999
0.563812783360481 0.676461643576622 0.717553645372391 0.798346325755119 0.788373119235039 0.7946019333601 0.810922989249229 0.828429490327835 0.747870213389397 0.734086346626282 0.82901397228241 0.735933620249853 0.459939249930903 0.286774199008942 0.0452735402807593 0.0955077841877937 0.139428570307791 0.166473831385374 0.180389855802059 0.307568902075291 0.398568247705698 0.371487005800009 0.296061476171017 0.211028002649546 0.194017143547535 0.294786879867315 0.300961075499654 0.26406444311142 0.295722985714674 0.550685209333897 0.628226089477539 0.687891520857811 0.639316893070936 0.157631342858076 2.81249227709757e-22 0.000232583340257406 0.0140390352578834 0.00663179146358743 0.00197135433874791 0.0232030611587106 0.128288836642168 0.273897190690041 0.49700939655304 0.626348094642162 0.655200865864754 0.619513288140297 0.554277189671993 0.521727629601955 0.411049744486809 0.414248858988285 0.588492042124271 0.633474773168564 0.58408331558589 -9999 -9999
0.572187148034573 0.643977162241936 0.675867515802383 0.842758268117905 0.819826272130012 0.802687236666679 0.809030264616013 0.82909799516201 0.772151148319244 0.762071534991264 0.835144719481468 0.439254664769396 0.0148889216361567 0.000247766287066042 0.00421153493225575 0.0382046578451991 0.134630853123963 0.220635231584311 0.266450453549623 0.23551529943943 0.301780096441507 0.340929534286261 0.298929368704557 0.197305652499199 0.315172974020243 0.34164970126003 0.0832970852032304 0.143005333840847 0.300414048880339 0.598287281394005 0.651151701807976 0.719201385974884 0.700980723649263 0.0420485325157642 0 0.0383659205399454 0.0438286104472354 0.00907311062328517 0.00967034393397626 0.00299388477287721 0.000311663071624935 0 0 0.10170663446188 0.271362148676417 0.340554863214493 0.380743623524904 0.613881037384272 0.673276111483574 0.701334658265114 0.715343552827835 0.663876034319401 -9999 -9999 -9999
0.482858280837536 0.58197270154953 0.769297529459 0.847095933556557 0.817910352349281 0.822501133680344 0.827512449026108 0.821646333932877 0.855761141180992 0.861524638533592 0.861477060317993 0.806493010483682 0.667915608757175 0.218404907030053 0.0251262601278722 0.042324363742955 0.0811598151409998 0.172974252291024 0.220230689644814 0.293877935707569 0.323781841993332 0.347488851100206 0.224026068598032 0.178235504180193 0.132329409569502 0.176225129775703 0.0333465784369037 0.288472072780132 0.314859225302935 0.469249742925167 0.660487374663353 0.73782869040966 0.614211294958368 0.0180454299319536 0.000242842780135106 0.0336509537414531 0.0892956476658583 0.0454850108595565 0.0103907486237586 0.00767057014163583 0.00576181768672541 0.00117026297491975 0.0066656906157732 0.0030616045743227 0.000218367133056745 0.0346450654469663 0.405697263926268 0.682787186652422 0.707085084915161 0.760595867037773 0.787733098268509 0.522825416663419 -9999 -9999 -9999
0.265748181939125 0.41448086835444 0.619173450767994 0.810199242830276 0.848825490474701 0.647261590659618 0.727941489219666 0.815196561217308 0.859371518492699 0.862646806240082 0.861732549667358 0.85718393445015 0.786216202378273 0.630093399882317 0.133473475892097 0.0404939169064164 0.0447483503445983 0.192309898771346 0.31537226960063 0.373001917600632 0.336029921472073 0.277754717320204 0.209032020717859 0.260435981154442 0.287947963923216 0.122701451778412 0.0330266623897478 0.141197204589844 0.159409768297628 0.386449095919088 0.648656439781189 0.56031257674098 0.181358293807134 0.0170423651346937 0.00021723736426793 0.0391428762336727 0.343624792434275 0.439794818125665 0.239243980273604 0.18940930464305 0.0203786085289903 0.00117545882822014 0.0103631326230243 0.0040298511806759 0.0368132361196331 0.396162452700082 0.715063864290714 0.70956480205059 0.768341010808945 0.807987331151962 0.59347874569622 -9999 -9999 -9999 -9999
0 0.0534828085452318 0.26994716078043 0.627281062304974 0.795502969622612 0.527573776245117 0.502544946968555 0.833607375621796 0.856689843535423 0.862788245081902 0.857257759571075 0.855745202302933 0.840481489896774 0.848936650156975 0.712534070014954 0.223093289881945 0.0502772234380245 0.281416562199593 0.312131032347679 0.338489177078009 0.320043032616377 0.313749078661203 0.253799292445183 0.407995014637709 0.286908105015755 0.0913001216948032 0.0396098043769598 0.105188874527812 0.137195155468362 0.349959431287425 0.74864749610424 0.618871496617794 0.100353560526855 0.000153819302795455 0.0524181623826735 0.0291168708761688 0.155361850047484 0.350976881664246 0.173343536444008 0.131489625666291 0.0168277222663164 0.00015431632346008 0.000129896332509816 0.0357367449949379 0.406234018299438 0.745295792818069 0.7202313631773 0.727484548091888 0.82660149037838 0.737460918724537 0.300644630300147 -9999 -9999 -9999 -9999
0.0472500957548618 0.0111780857294798 0.0951906117238104 0.377580387890339 0.499526520967484 0.657400261461735 0.738848732411861 0.806610127687454 0.817891424894333 0.860228744149208 0.839667727351189 0.850540727376938 0.848229718208313 0.845492212772369 0.832621608972549 0.78142319098115 0.215509768724442 0.400779219120741 0.344182305783033 0.404616893827915 0.35707104831934 0.418446844816208 0.264847646057606 0.358892070055008 0.337429460883141 0.438135790526867 0.388029921278358 0.419617195054889 0.55437453083694 0.663385733291507 0.786167722940445 0.684682375192642 0.355895819552243 0.127892582904315 0.0653588100976776 0.0262352028745227 0.0125586646609008 0.010841329828836 0.0353219921479467 0.00450519753212575 0.00087551184638869 0.0135015130491229 0.0347329613752663 0.402681982449722 0.704695332497358 0.762003836035728 0.824965147376061 0.849934399724007 0.839143422245979 0.645705267939032 -9999 -9999 -9999 -9999 -9999
