All_rasters_2/Pastures.asc
NCOLS 176 
NROWS 173 
XLLCORNER -17.5416666666667 
YLLCORNER -34.7083333333334 
CELLSIZE 0.416666666666667 
NODATA_value -9999 
[rows 75 to 99 of 173, columns 110 to 164 of 176]
0.248843347281218 0.166148872897029 0.261160190626979 0.306526318192482 0.313959459662437 0.399829365313053 0.689993016421795 0.812438197731972 0.818974018096924 0.848101744055748 0.827767348885536 0.840226324796677 0.841016116738319 0.824382568597794 0.813192371726036 0.811339175701141 0.304550889730453 0.176986106038094 0.360427659004927 0.42681390106678 0.418295287936926 0.377489756792784 0.293344734758139 0.35090810239315 0.28163143992424 0.521303814947605 0.604451562464237 0.548598647117615 0.697959133982658 0.763340527415276 0.711522051692009 0.781375237703323 0.71618685901165 0.586092799901962 0.138771803498094 0.0238470598732238 0.0193053535418585 0.0183236358594149 0.0257943943946157 0.00178490089310799 0.00222918238432612 0.0349309080082457 0.37538573294878 0.66657427072525 0.676827290058136 0.740061393380165 0.860861892700195 0.859718493819237 0.773470488190651 0.576470839308092 -9999 -9999 -9999 -9999 -9999
0.289564065635204 0.289997893571854 0.29086014777422 0.290435008704662 0.297271579504013 0.341908513009548 0.425294056534767 0.758846910297871 0.804871281981468 0.846019446849823 0.835584396123886 0.839405155181885 0.841752156615257 0.829082962870598 0.818890461325645 0.76729728281498 0.590364787727594 0.249917037785053 0.146342257037759 0.343452189490199 0.579632000625134 0.489132352173328 0.448721106350422 0.579499693214893 0.510791912674904 0.417410562932491 0.525816658139229 0.577042952179909 0.751222825050354 0.780472111701965 0.741221114993095 0.730175843834877 0.600710110366344 0.546982653439045 0.391389806568623 0.0428118196228752 0.00385760150675196 0.0268917791428976 0.0868827437516302 0.0485883100773208 0.0516642469447106 0.374555321608204 0.686140805482864 0.706860893964767 0.65150773525238 0.66993547976017 0.825890791416168 0.774701428413391 0.617894367211395 -9999 -9999 -9999 -9999 -9999 -9999
0.287426282465458 0.286797690987587 0.296928744018078 0.288050091266632 0.285285111069679 0.308050853013992 0.454727639257908 0.73479596465826 0.829528712034226 0.831597280502319 0.829920256733894 0.840608406066895 0.764253434538841 0.804302486181259 0.839140929579735 0.820177280902863 0.79984334975481 0.705005316436291 0.116449194028974 0.208951017037034 0.532650646343827 0.144964009895921 0.284648194536567 0.49069355122745 0.36634346395731 0.45731929898262 0.649679615199566 0.745492273569107 0.761319977641106 0.772284996509552 0.740064483880997 0.540753526389599 0.217008913038299 0.0973042210564017 0.0955578113772208 0.00652467768522911 0.0363725297298515 0.158389713743236 0.169657903378829 0.203844083333388 0.444300089450553 0.72458937227726 0.714407694339752 0.728641226291657 0.638588055968285 0.653609627485275 0.707261582016945 0.653028734291744 -9999 -9999 -9999 -9999 -9999 -9999 -9999
0.249074432253838 0.254690739102662 0.224944360926747 0.191915269568563 0.282158907726407 0.284233984649181 0.315376071631908 0.72803792566061 0.738603754639626 0.782522937655449 0.827607803344727 0.813463792800903 0.735030144453049 0.744777235984802 0.768094783425331 0.8147954672575 0.80450988650322 0.754544653594494 0.199388396926224 0.121328417100012 0.385712787657976 0.108834739774466 0.00326181761920452 0.0458047085255384 0.0248174518346786 0.261079283952713 0.373955111503601 0.304443468153477 0.210238813497126 0.452411855198443 0.737785091996193 0.523726627603173 0.104173406651244 0.0696177768521011 0.0982477979321266 0.201609562165686 0.55792059712112 0.779236810952425 0.782742773890495 0.689866583049297 0.715826756060123 0.838630184531212 0.805015417933464 0.726496967673302 0.646532948613167 0.602800273895264 0.654765834212303 0.581288837194443 -9999 -9999 -9999 -9999 -9999 -9999 -9999
0.0769938119919971 0.0203521409343921 0.02477214820683 0.0296348264611197 0.212693598981627 0.303720472753048 0.287201106548309 0.61851292103529 0.664173918962479 0.691231086850166 0.719314682483673 0.738624450564384 0.768484935164452 0.627201128005981 0.547026121616364 0.786388665437698 0.815305608510971 0.70363757237792 0.168416236527264 0.385833712108433 0.788822703063488 0.374279581010342 0.0298676181584597 1.24077091882954e-25 7.23783035983899e-25 7.18613157155443e-25 2.54249470904658e-22 1.6940658945086e-21 0.0518398985266686 0.313870158791542 0.601287946105003 0.282909950983594 0.0678362719685538 0.2258620406501 0.407835221197456 0.615307115018368 0.82685586810112 0.86294509768486 0.887035289406776 0.880763113498688 0.804439872503281 0.83521223962307 0.861220195889473 0.734366422891617 0.68920079767704 0.647536605596542 0.425722625054104 -9999 -9999 -9999 -9999 -9999 -9999 -9999 -9999
0.0578098805854097 0.00424762440457926 0.000231871376163326 0.0201824804959188 0.100942703210499 0.286186633706093 0.242936844751239 0.311261125728488 0.490407761633396 0.71372207403183 0.662266632914543 0.70670493543148 0.618724438548088 0.257434042096138 0.397991687655449 0.781068995594978 0.733908409178257 0.401206502951682 0.0197801948525012 0.208427225556225 0.746959853768349 0.804796579480171 0.489420203343034 0.188490489721298 0.0948328614234924 0.0206102604791522 0.00422492053359747 0.178751581907272 0.588088516294956 0.655445685088635 0.23955835159868 0.107423255405738 0.350241675525322 0.649469694495201 0.730472612380981 0.838221799135208 0.878965529799461 0.860462798476219 0.886517830491066 0.890674948692322 0.889516887068748 0.843587570786476 0.865766432881355 0.71904035449028 0.727631165981293 0.564602246689724 -9999 -9999 -9999 -9999 -9999 -9999 -9999 -9999 -9999
0.131496536359191 0.0707144317310303 0.0324035587295657 0.06809838860936 0.130633485764265 0.214068864732981 0.188648235425353 0.335743687078357 0.369331264197826 0.612416702508926 0.493330059796572 0.445764748305082 0.439739193767309 0.316224268227816 0.396395458579063 0.636934515088797 0.719337828606367 0.348885963782668 0.131942377705127 0.107891735676676 0.307699787318707 0.493506079912186 0.665265999734402 0.778251426815987 0.68963742852211 0.602170038931072 0.507409062646329 0.4725038215518 0.601599384844303 0.517505236268044 0.232170016691089 0.33356199093163 0.662050141394138 0.701614832878113 0.812457039356232 0.8698037981987 0.888989129662514 0.884131525754929 0.89423376917839 0.895424208045006 0.837738723158836 0.757315710783005 0.812345445156097 0.710979834794998 0.612902056549986 -9999 -9999 -9999 -9999 -9999 -9999 -9999 -9999 -9999 -9999
0.0832937189989025 0.113505018502474 0.119652014970779 0.116249512881041 0.14128038212657 0.191589909046888 0.256491579115391 0.387046763300896 0.551923644542694 0.425192594528198 0.45433692112565 0.223237612098455 0.248594779521227 0.333432227373123 0.173493105173111 0.239581859670579 0.650045251101255 0.446370568871498 0.37306771427393 0.213274443894625 0.423574701696634 0.42489118874073 0.510739935934544 0.718481306731701 0.691779792308807 0.706667891144752 0.772577428817749 0.373408142477274 0.413006553798914 0.28309096544981 0.184308001771569 0.75369278229773 0.874907985329628 0.797605350613594 0.860214212536812 0.864127689599991 0.865293353796005 0.806519791483879 0.830607917904854 0.84853421151638 0.736151361465454 0.634871649742127 0.620874062180519 0.541788991344602 -9999 -9999 -9999 -9999 -9999 -9999 -9999 -9999 -9999 -9999 -9999
0.0339433455519611 0.0919806118519045 0.0649884463537455 0.0282459644917253 0.123658604929224 0.188011971116066 0.308034632354975 0.296724418610684 0.320764520936064 0.266119767725468 0.227494386732578 0.164772747457027 0.208188795298338 0.136017362065613 0.145916539914906 0.370705203525722 0.642760915458202 0.58804113894701 0.479216822981834 0.329165306016803 0.450336308553815 0.294665548577905 0.365023117363453 0.496052271202207 0.573082739114761 0.601014207601547 0.658005155622959 0.1731236115098 0.131549823582172 0.136470790505409 0.443132835626602 0.863886342644691 0.894017543792725 0.858680158853531 0.8675387352705 0.876077011227608 0.891352957487106 0.838460232615471 0.845713058710098 0.789621534943581 0.697002469301224 0.633451360166073 0.464444797828622 -9999 -9999 -9999 -9999 -9999 -9999 -9999 -9999 -9999 -9999 -9999 -9999
0.00192407631548122 0.0119155940506607 0.00253662374756459 0.00418767746978119 0.108446628632955 0.163213249146938 0.213510519079864 0.111212422963581 0.0245957196172094 0.175937945395708 0.247357931137085 0.236472328007221 0.242676194757223 0.218225835748017 0.141803103126585 0.179559338930994 0.409681047517806 0.632969798147678 0.581461347639561 0.464790244698524 0.446228314191103 0.245333172008395 0.525858441442251 0.479877716675401 0.796915316581726 0.658298631906509 0.651242412626743 0.180667789652944 0.0996073895692825 0.10339193187654 0.463956731557846 0.813164951205254 0.88251899600029 0.843553102016449 0.879461432099342 0.889573203921318 0.886217334866524 0.809659100174904 0.840285960435867 0.722377899289131 0.613147887447849 0.453551380474069 -9999 -9999 -9999 -9999 -9999 -9999 -9999 -9999 -9999 -9999 -9999 -9999 -9999
0 0.00055107501684688 0.000557143897367496 0.0250625966373264 0.157676032115705 0.169040212780237 0.0869193719699979 0.108752378728241 0.212781037483364 0.304044712334871 0.240883152186871 0.215826608240604 0.209768939763308 0.186683240532875 0.112760217860341 0.104478050488979 0.29376309895888 0.286478737741709 0.416145507246256 0.490346118807793 0.558746993541718 0.278805591166019 0.287866534478962 0.579008536040783 0.470073133707047 0.561333578824997 0.408404862880707 0.211148487403989 0.0851112846285105 0.0864497415721417 0.387947052717209 0.801377713680267 0.886141526699066 0.866358563303947 0.886201938986778 0.864935705065727 0.816808760166168 0.724352848529816 0.751556451618671 0.498827266429241 -9999 -9999 -9999 -9999 -9999 -9999 -9999 -9999 -9999 -9999 -9999 -9999 -9999 -9999 -9999
0 0.0156282710668165 0.0215301649610046 0.07959437626414 0.197599526494741 0.1079126983881 0.167994460836053 0.294730823412538 0.304213757663965 0.281227695196867 0.25169662296772 0.209718844890594 0.186671730130911 0.169542290866375 0.18016832344234 0.215971770137548 0.339348425418138 0.342458743602037 0.369076896458864 0.484672065973282 0.483088153600693 0.353973453491926 0.224363916106522 0.447974472492933 0.465601696074009 0.535529622137547 0.243234584480524 0.118646525591612 0.0833504998683929 0.0699376904219389 0.344333066418767 0.739119066596031 0.870266629457474 0.876808366179466 0.870805089473724 0.846683528423309 0.729951736330986 0.621015284955502 0.46400222527808 -9999 -9999 -9999 -9999 -9999 -9999 -9999 -9999 -9999 -9999 -9999 -9999 -9999 -9999 -9999 -9999
0.000721880834498734 0.0128746085916646 0.0666611970635131 0.0723424437921494 0.139477351233363 0.164049732610583 0.228803300857544 0.272548314779997 0.294885053932667 0.30051284879446 0.28320124194026 0.250129910409451 0.203441085666418 0.163189590275288 0.189704816788435 0.235788346081972 0.248287678360939 0.341563906818628 0.315375435352325 0.413833760023117 0.491186864674091 0.25770211815834 0.163034682571888 0.335578336268663 0.300161516666412 0.23905742585659 0.25657826282084 0.0855682093650103 0.0748960003256798 0.112514076977968 0.400844167172909 0.756237727403641 0.850322973132133 0.887959456443787 0.857498508095741 0.854119547009468 0.70187601838449 -9999 -9999 -9999 -9999 -9999 -9999 -9999 -9999 -9999 -9999 -9999 -9999 -9999 -9999 -9999 -9999 -9999 -9999
0.00668727616721299 0.0706137433066033 0.157352405786514 0.0946104268077761 0.112730908626691 0.206717317737639 0.270506903529167 0.277561822533608 0.246182967722416 0.246250674128532 0.19187012091279 0.178962586075068 0.143581662327051 0.197045476734638 0.256829334050417 0.272602722048759 0.27151708304882 0.311647410690784 0.323897980153561 0.485815231502056 0.583085630834103 0.435277104377747 0.36748526096344 0.589050288498402 0.297817382961512 0.146547970920801 0.113739234209061 0.0848708860576153 0.0794804353266954 0.0848693173378706 0.412277117371559 0.762822476029396 0.823184305429459 0.895417958498001 0.829548853635788 0.800549386822163 -9999 -9999 -9999 -9999 -9999 -9999 -9999 -9999 -9999 -9999 -9999 -9999 -9999 -9999 -9999 -9999 -9999 -9999 -9999
0.00226518549125103 0.0780129491555272 0.16836446762085 0.128002982633188 0.141322506265715 0.176877141855657 0.285509893298149 0.335311786681414 0.245580465272069 0.131382594676688 0.072400825349614 0.0793577938022304 0.0322046748894666 0.111194527366116 0.249690720289946 0.272239799052477 0.283948177546263 0.243406057059765 0.294767916202545 0.405327120274305 0.486167339831591 0.398295595496893 0.378967083394527 0.27492336563766 0.0887637281790376 0.0492478827293962 0.0863816087692976 0.0656476233154535 0.0822914853692055 0.0922413741797209 0.497856964170933 0.888724704384804 0.867055004239082 0.89322604238987 0.782556571842482 -9999 -9999 -9999 -9999 -9999 -9999 -9999 -9999 -9999 -9999 -9999 -9999 -9999 -9999 -9999 -9999 -9999 -9999 -9999 -9999
0.00161646909100455 0.0749739884684095 0.128790799826384 0.0324019487947226 0.115310326367617 0.213558417260647 0.295592182129622 0.226647419035435 0.177544623387582 0.0388841288758589 0.0111981670297236 -9999 -9999 0.0340807580135085 0.12123948559165 0.229142234474421 0.271872733533382 0.261395079046488 0.271898493170738 0.292092083394527 0.266297515630722 0.221194002777338 0.339289039671421 0.369450286328793 0.172218104172498 0.169224188150838 0.252990256622434 0.11375923641026 0.100610424876213 0.0974128640443087 0.497272244468331 0.870879483819008 0.838964475989342 0.861038524695117 -9999 -9999 -9999 -9999 -9999 -9999 -9999 -9999 -9999 -9999 -9999 -9999 -9999 -9999 -9999 -9999 -9999 -9999 -9999 -9999 -9999
0.00256526588850647 0.102604364202125 0.144166947342455 0.102403319440782 0.193644021078944 0.256692796200514 0.266104858368635 0.253599242866039 0.12391697242856 -9999 -9999 -9999 -9999 -9999 0.279362979531288 0.29607579857111 0.235723211616278 0.284153300523758 0.283109065145254 0.265542929619551 0.220098481327295 0.272039383649826 0.360519444942474 0.37855189293623 0.417041681706905 0.464516463875771 0.288231827318668 0.245896378532052 0.141564256697893 0.108073408529162 0.47347192838788 0.804214632511139 0.747796355187893 -9999 -9999 -9999 -9999 -9999 -9999 -9999 -9999 -9999 -9999 -9999 -9999 -9999 -9999 -9999 -9999 -9999 -9999 -9999 -9999 -9999 -9999
0.0284103947791209 0.146573265818879 0.113991234265268 0.0896553898230195 0.263944172561169 0.431387117803097 0.538198198378086 0.433063613027334 0.251607990513245 -9999 -9999 -9999 -9999 0.178274993046091 0.363383993804455 0.377913327515125 0.48836234793067 0.562117913067341 0.46743197068572 0.463482199013233 0.298902759253979 0.414278155565262 0.396668108999729 0.359237760603428 0.402822114527225 0.410164062827826 0.210192652791739 0.329203750193119 0.134353884756565 0.129807854145765 0.407740914821625 0.708279064893722 0.610120516117305 -9999 -9999 -9999 -9999 -9999 -9999 -9999 -9999 -9999 -9999 -9999 -9999 -9999 -9999 -9999 -9999 -9999 -9999 -9999 -9999 -9999 -9999
0.049660136422608 0.128686622008681 0.105810161083937 0.137973590940237 0.246454307287931 0.336554889380932 0.487469929456711 0.523039565086365 0.216660765664918 -9999 -9999 -9999 0.0704242697615615 0.351800769995898 0.479563782811165 0.237486276403069 0.181450694799423 0.584389524459839 0.582959169149399 0.551658149063587 0.611123851239681 0.490541969239712 0.337937894761562 0.341816995441914 0.294336672499776 0.213478700644337 0.189809307307005 0.338286367803812 0.200054839253426 0.278503416627645 0.634452751278877 0.61289903488788 -9999 -9999 -9999 -9999 -9999 -9999 -9999 -9999 -9999 -9999 -9999 -9999 -9999 -9999 -9999 -9999 -9999 -9999 -9999 -9999 -9999 -9999 -9999
0.0354888899601065 0.0773411376401782 0.0867245694622397 0.179158322513103 0.246689414978027 0.347596135735512 0.40228808671236 0.433608341217041 0.17821605748479 -9999 -9999 0.0980230189859867 0.217693170532584 0.302948356419802 0.389390522241592 0.219897316303104 0.185795531328768 0.576976001262665 0.532168693840504 0.506353683769703 0.670042958855629 0.562256529927254 0.359972032904625 0.340261717885733 0.140584392473102 0.0917515813140199 0.19751543700695 0.378783341497183 0.375776901841164 0.503533509373665 0.589843837838424 -9999 -9999 -9999 -9999 -9999 -9999 -9999 -9999 -9999 -9999 -9999 -9999 -9999 -9999 -9999 -9999 -9999 -9999 -9999 -9999 -9999 -9999 -9999 -9999
0.0542593752965331 0.113068899102509 0.140079327560961 0.243851815909147 0.287542427033186 0.362362295389175 0.241746854782105 0.232791581451893 0.132400867661345 0.267128000869171 0.184249051636265 0.177600228339434 0.207304695248604 0.330451830178499 0.119281487166882 0.0133751555345953 0.155181944798678 0.456536345779896 0.416828981041908 0.317393207848072 0.425223767161369 0.542649513483047 0.332260630726814 0.261502276454121 0.00997856007888913 0.0549435965716839 0.248626969307661 0.595777663588524 0.613201111244659 0.57027525951465 -9999 -9999 -9999 -9999 -9999 -9999 -9999 -9999 -9999 -9999 -9999 -9999 -9999 -9999 -9999 -9999 -9999 -9999 -9999 -9999 -9999 -9999 -9999 -9999 -9999
0.0805445295758545 0.196390087679029 0.231599303632975 0.252277290821075 0.291671065986156 0.341948710232973 0.215863110125065 0.354172448217869 0.336834127306938 0.373433250188828 0.378865999281406 0.341971391141415 0.383693951368332 0.411085813939571 0.302332789748907 0.0305620469152927 0.0170948392152786 0.132845222502947 0.358098969608545 0.428772893548012 0.430504259616137 0.166055876202881 0.159022027291358 0.0759066782146692 0.00461110137403011 0.015175717715174 0.343282110337168 0.650193445384502 0.467794893217868 -9999 -9999 -9999 -9999 -9999 -9999 -9999 -9999 -9999 -9999 -9999 -9999 -9999 -9999 -9999 -9999 -9999 -9999 -9999 -9999 -9999 -9999 -9999 -9999 -9999 -9999
0.0239692862378433 0.0958257905440405 0.214620505645871 0.204222723841667 0.194191616773605 0.275457021221518 0.105991430580616 0.235543004795909 0.392694155871868 0.371452920138836 0.372021865844727 0.303796255588532 0.390377394855022 0.46810889840126 0.381094686686993 0.229058284312487 0.0191738335415721 0.0636756418272853 0.37949426099658 0.357361835986376 0.232270131260157 0.183682297356427 0.176811629720032 0.152813201770186 0.153452156111598 0.0711848869919777 0.536241269856691 0.509936280548573 -9999 -9999 -9999 -9999 -9999 -9999 -9999 -9999 -9999 -9999 -9999 -9999 -9999 -9999 -9999 -9999 -9999 -9999 -9999 -9999 -9999 -9999 -9999 -9999 -9999 -9999 -9999
0.0597453563241288 0.0983930338779464 0.0775202301889658 0.235461486130953 0.325433472841978 0.222528921216726 0.0580719396471977 0.062806236166507 0.108036192525178 0.313390031456947 0.382330993711948 0.374883031249046 0.375638967007399 0.385262074321508 0.308080329149961 0.295701411366463 0.268678362034261 0.367546992115676 0.286360105872154 0.3491573561728 0.397820830494165 0.440353773534298 0.323270100951195 0.229371646344662 0.427422592043877 0.463536729961634 0.551699563264847 0.367422736329692 -9999 -9999 -9999 -9999 -9999 -9999 -9999 -9999 -9999 -9999 -9999 -9999 -9999 -9999 -9999 -9999 -9999 -9999 -9999 -9999 -9999 -9999 -9999 -9999 -9999 -9999 -9999
0.133667491748929 0.146629815399647 0.0703031384944916 0.278349161148071 0.280126037970185 0.0688054374186322 0.0263698031893 0.105666001178324 0.0542056970112026 0.354319328069687 0.385585735738277 0.403641021847725 0.3447578959167 0.258761316388845 0.321141529232264 0.425029718130827 0.446022211909294 0.372002710103989 0.153681240859441 0.251973907775246 0.360800539106131 0.408637294173241 0.389621030241251 0.212065476924181 0.340218979865313 0.627051152288914 0.488329998031259 -9999 -9999 -9999 -9999 -9999 -9999 -9999 -9999 -9999 -9999 -9999 -9999 -9999 -9999 -9999 -9999 -9999 -9999 -9999 -9999 -9999 -9999 -9999 -9999 -9999 -9999 -9999 -9999
