All_rasters_2/Population.asc
NCOLS 176 
NROWS 173 
XLLCORNER -17.5416666666667 
YLLCORNER -34.7083333333334 
CELLSIZE 0.416666666666667 
NODATA_value -9999 
[rows 0 to 24 of 173, columns 0 to 56 of 176]
-9999.000000000000000 -9999 -9999 -9999 -9999 -9999 -9999 -9999 -9999 -9999 -9999 -9999 -9999 -9999 -9999 -9999 -9999 -9999 -9999 -9999 -9999 -9999 -9999 -9999 -9999 -9999 -9999 -9999 -9999 -9999 -9999 -9999 -9999 -9999 -9999 -9999 -9999 -9999 -9999 -9999 -9999 -9999 -9999 -9999 -9999 -9999 -9999 -9999 -9999 -9999 -9999 -9999 -9999 -9999 -9999 -9999 -9999
-9999 -9999 -9999 -9999 -9999 -9999 -9999 -9999 -9999 -9999 -9999 -9999 -9999 -9999 -9999 -9999 -9999 -9999 -9999 -9999 -9999 -9999 -9999 -9999 -9999 -9999 -9999 -9999 -9999 -9999 -9999 -9999 -9999 -9999 -9999 -9999 -9999 -9999 -9999 -9999 -9999 -9999 -9999 -9999 -9999 -9999 -9999 -9999 -9999 4.28654569279064 3.89559681415558 3.908301246339 3.71095886571067 3.43727507716731 3.53399772644043 3.08900759262698 3.50259016752243
-9999 -9999 -9999 -9999 -9999 -9999 -9999 -9999 -9999 -9999 -9999 -9999 -9999 -9999 -9999 -9999 -9999 -9999 -9999 -9999 -9999 -9999 -9999 -9999 -9999 -9999 -9999 -9999 -9999 -9999 -9999 -9999 -9999 -9999 -9999 -9999 -9999 -9999 -9999 -9999 -9999 -9999 -9999 -9999 3.35176423644718 3.57529476642609 3.42420453071594 3.40877293109894 3.58848909854889 3.2936855506897 3.37936023235321 3.44306865215301 3.33998482465744 3.34367282152176 3.50142419576645 3.53916643857956 3.49733589172363
-9999 -9999 -9999 -9999 -9999 -9999 -9999 -9999 -9999 -9999 -9999 -9999 -9999 -9999 -9999 -9999 -9999 -9999 -9999 -9999 -9999 -9999 -9999 -9999 -9999 -9999 -9999 -9999 -9999 -9999 -9999 -9999 -9999 -9999 -9999 -9999 -9999 -9999 -9999 -9999 -9999 -9999 3.63122464403694 3.36934477806091 3.34167677402496 3.12771851539612 2.9913907790184 2.82023010253906 2.76102966547012 2.9571311879158 2.90974726676941 2.93739367723465 3.04442055225372 3.34648241281509 3.34349262237549 3.36885029315948 3.11908147573471
-9999 -9999 -9999 -9999 -9999 -9999 -9999 -9999 -9999 -9999 -9999 -9999 -9999 -9999 -9999 -9999 -9999 -9999 -9999 -9999 -9999 -9999 -9999 -9999 -9999 -9999 -9999 -9999 2.95962587594986 3.2478787033241 -9999 -9999 -9999 -9999 -9999 -9999 -9999 -9999 -9999 3.23874821002225 3.25328352689743 3.08091061830521 3.43382145643234 3.06936958312988 2.90642890453339 3.0048006606102 3.00478005886078 2.64332107067108 2.70346107006073 2.60663727998734 2.64204522132874 2.60753275871277 2.61078824281693 2.75785554647446 3.117527551651 2.95326451539993 2.96131977677345
-9999 -9999 -9999 -9999 -9999 -9999 -9999 -9999 -9999 -9999 -9999 -9999 -9999 -9999 -9999 -9999 -9999 -9999 -9999 -9999 -9999 -9999 -9999 -9999 -9999 -9999 -9999 3.41152892304563 2.99619542837143 3.08247032403946 3.25088520472248 3.01895836885873 3.03588233324124 3.14623260498047 2.98721386312128 2.96646855383703 3.12276952039628 3.21217198059207 3.32988794147968 3.2092391872406 3.224753241539 2.79663365602493 3.03355586051941 2.77901470899582 2.92498510599136 2.66811281442642 1.98179776787758 2.39723242163658 2.46670595884323 2.84373630046844 2.70113575696945 2.54228522539139 2.68173993110657 2.33678852319717 2.53072447538376 2.62712953329086 2.70928002119064
-9999 -9999 -9999 -9999 -9999 -9999 -9999 -9999 -9999 -9999 -9999 -9999 -9999 -9999 -9999 -9999 -9999 -9999 -9999 -9999 -9999 -9999 -9999 -9999 -9999 -9999 3.21468360887633 3.38797698736191 3.23007066726685 3.34887539625168 3.36820378541946 3.23509412527084 2.88277626276016 2.5649071931839 2.32958931684494 2.43596366405487 2.55733004331589 2.95505002737045 2.87075472831726 2.55600885152817 2.65908483862877 2.32791180610657 2.6133430981636 2.12072121977806 2.10331641197205 2.20258477091789 1.9876692712307 2.05700981378555 2.49025592803955 2.86455717802048 2.60192397356033 2.40543221235275 2.16158598184586 1.86871802926064 2.80001418828964 2.79799414157867 2.4613264966011
-9999 -9999 -9999 -9999 -9999 -9999 -9999 -9999 -9999 -9999 -9999 -9999 -9999 -9999 -9999 -9999 -9999 -9999 -9999 -9999 -9999 -9999 -9999 -9999 -9999 -9999 3.31965171137164 3.22320842504501 3.22312662601471 3.19941365242004 3.25636290073395 3.29712744951248 3.02938975095749 2.43175232648849 2.44622367143631 2.36017242670059 2.18863189697266 2.05162596702576 1.83774108290672 1.59776280343533 1.6205956530571 1.61679469466209 2.10594246983528 1.86313252687454 1.78811739563942 2.03086220622063 2.33636891841888 2.49579183459282 2.53396936655045 2.25337841272354 2.44360926151276 2.18436682224274 1.64879602193832 1.65202116727829 2.03140007138252 1.97022972106934 1.75947862952948
-9999 -9999 -9999 -9999 -9999 -9999 -9999 -9999 -9999 -9999 -9999 -9999 -9999 -9999 -9999 -9999 -9999 -9999 -9999 -9999 -9999 -9999 -9999 -9999 3.65109800591188 3.35488799933729 2.87941410064697 2.984549472332 3.07543754577637 3.30641174554825 3.09461141347885 2.78559200048447 2.41781211614609 2.35169693946838 2.33948081970215 1.99198438644409 1.79747686982155 1.79330586791039 0.944453216791153 1.05037800550461 1.40869874954224 1.53657453656197 1.88515301465988 1.82395680904388 1.94052489876747 2.0151170706749 2.10832638502121 1.78428107500076 2.37495967626572 2.60469240188599 2.08050557494164 1.99724764347076 1.66994238138199 1.53913868546486 1.74026811242104 2.44111325621605 2.20049244999886
-9999 -9999 -9999 -9999 -9999 -9999 -9999 -9999 -9999 -9999 -9999 -9999 -9999 -9999 -9999 -9999 -9999 -9999 -9999 -9999 -9999 -9999 3.23254481351601 3.61265278130435 3.28328899383545 2.71528435707092 2.65439070940018 2.46092746257782 2.52773081064224 2.65609414577484 2.45979091525078 2.28623631119728 2.21253030896187 2.10871520996094 1.74626202106476 1.35353364229202 1.33236074209213 1.32921116232872 0.973404508829117 1.16873029828072 1.46391011834145 2.19537155508995 1.66494423508644 1.389559289217 1.84747445464134 1.72620484471321 1.43099224925041 1.50848236083984 1.75553465723991 2.0653503537178 1.58397187232971 1.66806384086609 1.73493335008621 1.7341822040081 1.46190083026886 1.82964232683182 2.48081034302711
-9999 -9999 -9999 -9999 -9999 -9999 -9999 -9999 -9999 -9999 -9999 -9999 -9999 -9999 -9999 -9999 -9999 -9999 -9999 -9999 -9999 3.19684874740514 3.03791080474854 3.01366108179092 3.15246424913406 2.98314867734909 2.78871021747589 2.58249286651611 2.76265971183777 2.49062735557556 2.20432277560234 2.04235262989998 2.17026762843132 1.91526415109634 1.77770012974739 1.54024109125137 1.33394920945168 1.3565686249733 1.2473215764761 1.3539623105526 2.02293673872948 1.81539647579193 1.6495146548748 1.78192450523376 1.28799489736557 1.06244371771812 1.06244371652603 1.35983926892281 1.55994471907616 1.98981726646423 2.10356996893883 1.94990429162979 2.02637655854225 2.00080623030663 1.3467191016674 1.41161384344101 2.78720701336861
-9999 -9999 -9999 -9999 -9999 -9999 -9999 -9999 -9999 -9999 -9999 -9999 -9999 -9999 -9999 -9999 -9999 -9999 -9999 -9999 3.15200541307638 3.33069448709488 3.02605622053146 2.86758012890816 2.96065280199051 2.84910685062408 3.12133150577545 2.90675550937653 2.67671060800552 2.48292123794556 2.39508889436722 2.08703293085098 2.03608061671257 1.85256106138229 1.7512331533432 1.66294898867607 1.31627885460854 1.38165240049362 1.28492264986038 1.36302109718323 1.81026740431786 1.65157547235489 1.21310139894485 1.84152489364147 1.84303355693817 1.11716567873955 1.06430262207985 1.14006538748741 1.75909593343735 2.0314281976223 2.328094394207 2.61135038971901 2.2062588429451 2.24479087591171 1.60598723173141 1.8590101993084 1.71879546999931
-9999 -9999 -9999 -9999 -9999 -9999 -9999 -9999 -9999 -9999 -9999 -9999 -9999 -9999 -9999 -9999 -9999 -9999 -9999 -9999 3.22132018327713 3.0791018986702 2.76205868244171 2.76573910236359 3.08574070453644 3.20295340776443 3.2375190782547 2.64577888727188 2.29415578365326 2.28945905923843 2.2566378736496 2.37193104505539 1.83234921574593 1.54720196723938 1.61738699793816 1.41638944745064 1.32774598360062 1.38579780220985 1.1984678041935 1.28989939808846 1.19992945671082 0.790247611701488 0.34079792290926 1.32996467709541 1.90060905694962 1.77488179445267 1.15651512861252 1.0917653131485 0.948089752793312 1.11956123173237 1.41202304184437 1.61949130833149 1.86159218549728 2.71058509945869 2.48128254055977 1.71713133573532 1.27744810819626
-9999 -9999 -9999 -9999 -9999 -9999 -9999 -9999 -9999 -9999 -9999 -9999 -9999 -9999 -9999 -9999 -9999 -9999 -9999 3.14050455654369 2.90713909864426 2.83084040403366 3.22967467069626 3.13396692276001 3.28042200803757 3.10270513296127 2.80864975690842 2.41272740125656 2.44920675992966 2.35163136720657 2.37142987728119 2.35762423992157 2.20046790122986 1.32617392420769 1.24480658650398 1.56775752186775 1.95646116733551 2.59375975966454 1.57196697354317 1.03215703487396 1.03215703368187 0.47941380739212 0.341870405375957 0.377929897904396 1.37990384578705 1.90255471110344 1.64190212488174 1.30172408819199 1.33231850981712 1.05057850301266 0.893407037258148 0.89881611764431 1.27090620398521 2.00652319192886 2.13073607206345 1.95979891180992 1.2286693239212
-9999 -9999 -9999 -9999 -9999 -9999 -9999 -9999 -9999 -9999 -9999 -9999 -9999 -9999 -9999 -9999 -9999 -9999 -9999 3.00038596153259 2.83609538793564 2.90320511817932 3.00378326892853 3.21223594427109 2.7787569975853 2.48117918729782 2.54287693977356 2.75962656736374 2.47639277219772 2.53830860853195 2.23369917154312 2.29398164749146 2.02309563159943 1.23858027756214 0.994847676157951 1.70235725879669 2.16751875519753 1.91264737248421 1.77976240634918 1.0975020635128 1.03391594529152 0.597638755142689 0.342927759289742 0.342927759885788 0.78279677093029 1.56606746792793 1.19508831620216 1.38691316366196 1.39069856286049 1.39069855928421 1.27688825249672 1.09839461803436 1.5149714332819 1.88623339176178 1.49903658151627 1.12244272589684 1.07432109117508
-9999 -9999 -9999 -9999 -9999 -9999 -9999 -9999 -9999 -9999 -9999 -9999 -9999 -9999 -9999 -9999 -9999 -9999 -9999 2.6836338186264 2.71445907592773 2.79665510416031 2.71385494232178 2.54965735912323 2.35622429132462 2.31888466119766 2.50166324615479 2.48385146379471 2.33205982208252 2.29717908620834 1.5416566491127 1.22805770993233 1.42587407708168 1.30795295596123 1.22967719197273 1.51446092605591 1.47319400310516 1.17124861478806 1.17215269804001 1.10210384368896 1.09760366916656 1.00926429539919 0.601354687511921 0.531995708942413 0.976578579246998 1.13592540025711 1.1421306347847 1.39250745296478 1.39252825379372 1.39252825498581 1.3925282561779 1.38562699794769 1.11502158403397 1.08819143891335 1.07606780529022 1.07606780648232 1.07606780648232
-9999 -9999 -9999 -9999 -9999 -9999 -9999 -9999 -9999 -9999 -9999 -9999 -9999 -9999 -9999 -9999 -9999 -9999 -9999 3.18477456092834 3.19388934373856 2.90675270557404 2.56274175643921 2.55167724132538 2.2494549036026 2.01010422110558 2.08424336075783 2.60293267011642 2.580261926651 1.96228174567223 0.987376471161842 0.785274227261543 0.675265546441078 0.886813404560089 1.26935207247734 1.26424376487732 1.25976021885872 1.24274362683296 1.0586672192812 1.178192730546 1.13465235948563 0.95202643930912 0.958428522348404 1.00468990325928 1.13545584261417 1.13766438007355 1.17333380460739 1.16693064332008 1.16237597346306 1.14750895261765 1.13649839162827 1.12809451460838 1.07778656840324 1.07778656840324 1.07778657078743 1.07778657197952 1.07778657078743
-9999 -9999 -9999 -9999 -9999 -9999 -9999 -9999 -9999 -9999 -9999 -9999 -9999 -9999 -9999 -9999 -9999 -9999 -9999 3.15334751504533 2.51597710371017 2.39921429634094 2.14264113903046 2.08525206208229 2.02447715520859 1.97725190281868 1.6780925154686 2.08529273629189 2.13901413202286 1.57895975589752 0.584176875650883 0.392338303923607 0.390789562761784 0.406383000612259 0.792275746464729 1.26477120876312 1.26570421934128 1.04183134317398 1.20274799823761 1.16759666800499 0.942511770129204 1.09188537299633 1.02500761032104 1.07639371812344 1.13937521457672 1.38284017205238 1.55985067248344 1.03232761621475 1.03232761621475 1.03232761621475 1.03232761621475 1.06339957714081 1.07947757601738 1.07947757601738 1.07947757482529 1.07947757482529 1.03339092940092
-9999 -9999 -9999 -9999 -9999 -9999 -9999 -9999 -9999 -9999 -9999 -9999 -9999 -9999 -9999 -9999 -9999 -9999 -9999 2.78124888181686 2.38509467840195 1.93315943241119 2.10903030276299 1.67775465011597 1.79641977339983 1.54921209931374 1.28177885353565 1.08933601528406 1.18564044177532 0.600817797482014 0.391866996884346 0.391866995990276 0.391866995096207 0.391866995990276 0.445435834228992 1.17583421051502 1.26808732390404 1.13184824764729 1.18395619571209 0.98531581401825 1.37390133082867 1.5192563855648 1.24826217353344 1.14252383947372 1.30015587925911 1.74538126587868 1.65297795295715 1.03397379279137 1.03397379279137 1.03397378921509 1.04285430312157 1.08005594372749 1.08114106655121 1.08114106655121 1.06443762153387 0.729649986028671 0.319256082177162
-9999 -9999 -9999 -9999 -9999 -9999 -9999 -9999 -9999 -9999 -9999 -9999 -9999 -9999 -9999 -9999 -9999 -9999 2.5470785677433 2.4565854382515 1.87586876630783 1.67246007919312 1.67167764574289 0.795153972953558 0.364118894934654 0.155036711245775 0.15503671079874 0.155036710500717 0.155036709904671 0.172493610829115 0.200634474009275 0.374277274012566 0.392928144335747 0.392928144037724 0.392928143143654 0.623183728456497 1.00537594199181 0.942580799460411 1.05722690820694 1.33721411705017 1.68038356900215 1.73315889954567 1.72143163442612 1.5631633156538 1.48805046677589 1.36652030944824 1.24994252085686 1.04196906328201 1.03890387296677 1.04530861258507 1.07291208028793 1.08277721405029 1.08277721405029 0.922045832574368 0.508035071194172 0.374889794588089 0.274035837054253
-9999 -9999 -9999 -9999 -9999 -9999 -9999 -9999 -9999 -9999 -9999 -9999 -9999 -9999 -9999 -9999 1.18864832371473 1.83550045490265 1.71590898990631 1.58593923211098 1.59062736392021 1.41303524255753 0.495281074643135 0.155563937872648 0.15556393712759 0.155563937276602 0.155563936829567 0.15556393802166 0.155563937425613 0.155563937574625 0.155563937723637 0.289709179252386 0.393973058462143 0.393973059356213 0.393973059654236 0.393973059356213 0.496658281087875 1.13577542364597 1.28369451165199 1.26278988838196 1.52241392612457 1.84630708456039 1.70880508542061 1.16861238598824 1.16250394105911 1.16250394225121 1.1613271677494 1.10860210895538 1.12196287035942 1.11739702224731 1.09285975337029 1.04856049537659 0.677977498173714 0.399386178851128 0.394522858858109 0.376091164648533 0.274857331514359
-9999 -9999 -9999 -9999 -9999 -9999 -9999 -9999 -9999 -9999 -9999 -9999 -9999 -9999 -9999 1.07777050517975 1.21266537308693 1.43960466086864 1.24650134205818 1.1441264885664 0.995983621478081 0.998019503355026 0.779483886957169 0.245794639438391 0.15608362108469 0.156083620786667 0.156083620339632 0.156083620935678 0.156083620339632 0.156083620637655 0.156083621233702 0.1948291015625 0.389284490197897 0.395001812577248 0.395001814067364 0.399900075793266 0.822041790783405 1.23166906356812 1.23166906714439 1.23134295225143 1.22328561782837 1.30339969277382 1.47482459664345 1.2889094042778 1.2395901954174 1.20675578594208 1.14420427978039 1.05900955319405 1.12362309932709 1.12362310051918 0.951991594731808 0.483612721562386 0.395552489161491 0.395552488267422 0.395552489757538 0.373173189759254 0.275666517615318
-9999 -9999 -9999 -9999 -9999 -9999 -9999 -9999 -9999 -9999 -9999 -9999 0.916117918032866 1.01981550907787 0.629757497687729 0.606165362000465 0.624594203233719 0.714902848005295 0.761997101306915 0.733071277141571 0.610499141812325 0.826483608484268 0.918724464774132 0.844004890322685 0.323774840086699 0.431209757179022 0.305914046168327 0.181231901943684 0.156595758199692 0.156595758646727 0.156595758795738 0.156595757752657 0.290861383676529 0.396014442443848 0.396014443039894 0.89277418166399 1.35144347965717 1.35696799993515 1.41408277630806 1.43461129188538 1.45793782711029 2.14437314331532 1.36222771167755 1.36325306296349 1.25244078993797 1.21595314741135 0.995070636868477 0.977571504116058 1.12518996357918 0.835364573895931 0.397982521653175 0.396565982401371 0.396565982699394 0.396565982997417 0.396565982699394 0.360893097221851 0.276463432610035
-9999 -9999 -9999 -9999 -9999 -9999 -9999 -9999 -9999 -9999 -9999 0.82381064414978 0.396535328030586 0.45231882750988 0.359298786073923 0.251524896919727 0.26445271782577 0.27886631809175 0.30134022846818 0.321485448181629 0.611729152202606 0.831203932762146 0.920188681483269 0.920188683271408 0.920086186528206 0.920188681483269 0.920188680291176 0.909700961410999 0.26262517824769 0.157100345939398 0.157100346684456 0.157100345641375 0.202851929664612 0.380906445682049 0.440110939145088 1.40261353939772 1.42359150767326 1.40193756818771 1.39705849885941 1.42835043668747 1.45171501755714 1.41986266374588 1.38124190807343 1.26518208026886 1.21751670122147 1.21751670122147 0.91112308382988 1.04620276212692 1.11851657837629 0.689224973320961 0.397563400268555 0.397563399374485 0.397563399374485 0.397563398778439 0.397563400268555 0.382626026272774 0.277248088717461
-9999 -9999 -9999 -9999 -9999 -9999 -9999 -9999 -9999 -9999 1.44017125590115 0.452809829711914 0.198285959511995 0.261889165937901 0.163794202506542 0.132581528127193 0.121026367917657 0.11224951967597 0.112249519750476 0.112249520123005 0.429039409682155 0.52940031632781 0.825049821734428 0.921627846360207 0.921627845168114 0.921627845168114 0.921627842187882 0.92162784576416 0.697262916266918 0.348268194943666 0.183089808225632 0.15759738445282 0.157597385644913 0.168770448714495 0.435796567350626 1.52079102754593 1.53235007882118 1.5422073495388 1.55139963030815 1.56136944293976 1.5622737133503 1.53062194108963 1.4943285381794 1.23725230276585 1.28805790781975 1.41819015979767 0.969946395754814 1.03666742324829 0.961114453971386 0.423327074348927 0.398544789552689 0.398544788360596 0.398544788360596 0.398544788360596 0.393745950460434 0.361175337135792 0.280520876348019
