All_rasters_2/Population.asc
NCOLS 176 
NROWS 173 
XLLCORNER -17.5416666666667 
YLLCORNER -34.7083333333334 
CELLSIZE 0.416666666666667 
NODATA_value -9999 
[rows 25 to 49 of 173, columns 57 to 113 of 176]
0.29224427908659 0.40231866389513 0.584724931120873 0.584724931120873 0.584724932312965 0.584724930524826 0.584724931716919 0.584724930524826 0.638817656636238 0.957723143696785 0.957723144888878 0.957723143696785 1.13675013065338 1.1780141043663 1.40478782296181 1.61853293180466 1.6254808819294 1.62548089146614 1.67765792131424 2.13225351572037 1.72788202464581 1.15548215448856 0.939651925563812 0.772633525729179 0.859106767773628 0.9480122423172 0.948012243509293 0.9480122423172 0.9480122423172 0.948012241721153 0.9480122423172 0.530776506662369 0.478590241670609 0.478590244054794 0.478590242564678 0.478590243756771 0.478590242862701 0.478590243756771 0.478590242862701 0.478590242862701 0.478590242862701 0.478590242862701 0.478590243756771 0.478590242862701 0.478590242862701 0.0478576970100403 0 0 0 0 0 0.384323076605797 0.185499374866486 0 0 0 0
0.524392359852791 0.465419026017189 0.58589258313179 0.58589258313179 0.585892584323883 0.58589258313179 0.585892581939697 0.636543991565704 0.902716356515884 0.959127096533775 0.959127096533775 0.959127095341682 1.21513108968735 1.56195351958275 1.62702113986015 1.62702113866806 1.62702113509178 1.61185010015965 1.56599843859673 1.43570501446724 0.79300805747509 0.77310446023941 0.773104461431503 0.773104458451271 0.777262235879898 0.892094208598137 0.94855025947094 0.940957055091858 0.863684049248695 0.919866969585419 0.949412249922752 0.530525933504105 0.479644352197647 0.47964435249567 0.479644352197647 0.479644352793694 0.479644352197647 0.47964435249567 0.47964435249567 0.479644353091717 0.479644352197647 0.479644351899624 0.47964435249567 0.479644352197647 0.47964435249567 0.0479631066322327 0 0 0 0 0 0 0 0 0 0 0
0.461892502903938 0.587040132880211 0.587040134072304 0.587040133476257 0.587040133476257 0.587040133476257 0.587040132880211 0.600653659701347 0.89365545809269 0.960506117939949 0.960506119132042 0.960506120920181 1.47214198052883 1.62853359103203 1.62374094009399 1.53731658816338 1.30626753866673 0.874406315088272 0.774392626881599 0.774392627477646 0.774392629265785 0.774392626881599 0.774392628073692 0.774392627477646 0.774392628073692 0.774392627477646 0.78671699821949 0.777738453149796 0.774392627477646 0.774505642056465 0.795800478458405 0.51717053592205 0.480680591464043 0.480680593252182 0.480680593550205 0.480680593252182 0.480680592358112 0.480680591762066 0.480680592060089 0.480680592656136 0.480680591762066 0.480680591464043 0.480680592358112 0.480680592954159 0.480680591762066 0.0480667272210121 0 0 0 0 0 0 0.208328586816788 1.33891769781709 0.0807811939716339 0 0
0.38136032551527 0.507913731634617 0.581455100476742 0.588167685866356 0.540360487103462 0.451436978280544 0.545120685398579 0.588167685866356 0.643176688551903 0.944549046158791 0.961860418319702 0.961860419511795 0.991431733369827 1.06389130830765 0.925156321525574 0.775669115185738 0.775657925009728 0.775657928586006 0.775657925605774 0.775657926797867 0.775657924413681 0.775657925605774 0.775657926797867 0.77565792620182 0.775657923817635 0.775657925605774 0.775657925605774 0.775657925605774 0.77565792620182 0.775657924413681 0.775657927393913 0.514630465805531 0.481699020266533 0.481699020266533 0.481699020862579 0.481699020564556 0.481699020862579 0.481699020266533 0.481699020266533 0.48169901996851 0.481699021160603 0.481699020266533 0.481699020862579 0.481699021160603 0.48169901996851 0.0481685703992844 0 0 0 0 0 0 0 0.366060110330582 1.31090472221375 0.599535764455795 0
0.3672650167346 0.376917809844017 0.403413485586643 0.428381439745426 0.398376317918301 0.391772326529026 0.464388114213943 0.636744990348816 0.637200240492821 0.899441228508949 0.963190088868141 0.963190090060234 0.835284595489502 0.776900480389595 0.776900479793549 0.776900480389595 0.776900480389595 0.776900480985641 0.776900479793549 0.776900480389595 0.776900480985641 0.776900479793549 0.776900480389595 0.776900479793549 0.776900480389595 0.776900479793549 0.776900480985641 0.776900479793549 0.776900480389595 0.776900479793549 0.776900480389595 0.517338978052139 0.482699707448483 0.482699709534645 0.482699709236622 0.482699709236622 0.482699708640575 0.482699709236622 0.482699708938599 0.482699710428715 0.482699708640575 0.482699709236622 0.482699710130692 0.482699709236622 0.482699708938599 0.0482686370611191 0 0 0 0 0 0 0 0 0 0 0
0.368101370036602 0.368398836553097 0.377322154045105 0.392393821179867 0.39264316290617 0.392643161714077 0.578227478265762 0.662407702207565 0.662407704591751 0.763821431994438 0.90317008793354 0.93520299911499 0.867867198586464 0.778120422959328 0.778120421171188 0.778120423555374 0.778120422363281 0.778120423555374 0.778120424151421 0.778120422959328 0.778120423555374 0.778120423555374 0.778120422363281 0.778120424747467 0.778120421767235 0.778120422363281 0.778120425343513 0.778120421171188 0.778120424151421 0.778120422959328 0.778120421767235 0.519969924986362 0.483682722151279 0.483682724535465 0.483682723343372 0.483682722747326 0.483682722151279 0.483682724833488 0.483682722449303 0.483682724237442 0.483682723343372 0.483682723045349 0.483682724535465 0.483682723045349 0.483682722449303 0.0483669373393059 0 0 0 0 0 0 0 0 0 0 0
0.368923015892506 0.368529796898365 0.329858512431383 0.380168839693069 0.393498613536358 0.435073195099831 0.658142285645008 0.663532121181488 0.663532124757767 0.663532122373581 0.663532123565674 0.684171947836876 0.776114639639854 0.77349117398262 0.779317868351936 0.779317866563797 0.779317865967751 0.779317868947983 0.779317867159843 0.779317869544029 0.779317868351936 0.779317867159843 0.779317868947983 0.779317868351936 0.779317868947983 0.77931786775589 0.779317869544029 0.77931786775589 0.779317869544029 0.779317866563797 0.779317868351936 0.522527437806129 0.484648131430149 0.484648130238056 0.484648132622242 0.484648131430149 0.484648131430149 0.484648131132126 0.484648129940033 0.484648131132126 0.484648133814335 0.484648130536079 0.484648129940033 0.484648132622242 0.484648132026195 0.0484634763002396 0 0 0 0 0 0 0 0 0 0 0
0.339927026480436 0.262761464715004 0.238100710660219 0.357251863330603 0.394338728189468 0.562611986398697 0.664635685682297 0.664635683894157 0.66463568508625 0.66463568508625 0.664635684490204 0.66463568508625 0.664635683298111 0.723366875648499 0.780492917299271 0.780492920279503 0.780492918491363 0.780492919683456 0.780492917299271 0.78049291908741 0.780492919683456 0.780492917299271 0.78049291908741 0.780492917299271 0.780492920875549 0.780492917299271 0.780492920875549 0.780492917299271 0.78049291908741 0.780492918491363 0.78049291908741 0.525015209615231 0.485595982372761 0.485595982670784 0.485595982074738 0.485595982670784 0.485595982074738 0.485595982074738 0.485595981776714 0.485595983564854 0.485595982372761 0.485595982372761 0.48559598326683 0.485595982968807 0.485595982670784 0.0485582602024078 0 0 0 0 0 0 0 0 0 0 0
0.238684278577566 0.238684278577566 0.238684278726578 0.348325797766447 0.526036074757576 0.648474944531918 0.496956673562527 0.318898988068104 0.328373011052608 0.512071368396282 0.665718505382538 0.665718505382538 0.644852671027184 0.495243861079216 0.517162248492241 0.611102985441685 0.705484431087971 0.777575852870941 0.781645686626434 0.781645687222481 0.781645687818527 0.781645686030388 0.726316878795624 0.570955404639244 0.717949658632278 0.781645686626434 0.78164568901062 0.781645686626434 0.781645687818527 0.781645686626434 0.781645687818527 0.527436604201794 0.486526343822479 0.486526343822479 0.486526344418526 0.486526344418526 0.486526343822479 0.486526344418526 0.486526343822479 0.486526344716549 0.486526344418526 0.486526343822479 0.486526343226433 0.486526344418526 0.486526344418526 0.0486512950062752 0 0 0 0 0 0 0 0 0 0 0
0.239257364869118 0.239257363677025 0.239257363826036 0.255866325199604 0.336177283972502 0.261444942653179 0.239257363677025 0.239257363975048 0.239257364720106 0.360867524594069 0.66470901966095 0.552348942756653 0.368009959757328 0.342337281405926 0.342337281107903 0.342337281405926 0.342337281107903 0.39544996201992 0.686659157574177 0.782586622834206 0.679202537536621 0.514166388213634 0.399166367053986 0.28646589577198 0.288046191334724 0.458119908869267 0.693162328004837 0.78277627825737 0.782776278853416 0.782776278853416 0.782776278853416 0.529794674813747 0.487439276576042 0.487439277172089 0.487439277172089 0.487439277172089 0.487439276576042 0.487439278066158 0.487439276874065 0.487439276874065 0.487439277470112 0.487439277172089 0.487439277470112 0.487439277172089 0.487439277768135 0.0487425857782364 0 0 0 0 0 0 0 0 0 0 0
0.692939908057451 0.239819976985455 0.239819977432489 0.239819977581501 0.239819977730513 0.239819977283478 0.239819977283478 0.239819977283478 0.239819977730513 0.378299312889576 0.529382710456848 0.41520317286253 0.343061529397964 0.343061530292034 0.343061529099941 0.343061532080173 0.343061530590057 0.343061531186104 0.357469810843468 0.428568774461746 0.343061530888081 0.381125050187111 0.396612860560417 0.322577867805958 0.280918700695038 0.280918699502945 0.282996786534786 0.431678714454174 0.6711652597785 0.783884818553925 0.783884818553925 0.53209220290184 0.488334829509258 0.488334830105305 0.488334829807281 0.488334830105305 0.488334829211235 0.488334828913212 0.488334829211235 0.488334829807281 0.488334829807281 0.488334828317165 0.488334829509258 0.488334829509258 0.488334829211235 0.048832141160965 0 0 0 0 0 0 0 0 0 0 0
1.58519486606121 0.290063189268112 0.240372137874365 0.240372137725353 0.240372138172388 0.240372137576342 0.24037213742733 0.26961604192853 0.411038293093443 0.498032721877098 0.498532606959343 0.416277288794518 0.343772050440311 0.343772051632404 0.343772050142288 0.343772050142288 0.343772050142288 0.343772051334381 0.343772050440311 0.343772048056126 0.343772050440311 0.371613331735134 0.397391822338104 0.36714482396841 0.281538445651531 0.281538445353508 0.281538446843624 0.281538444757462 0.281555634140968 0.408243681490421 0.650224270522594 0.533963624238968 0.489213072061539 0.489213070869446 0.489213071167469 0.489213072359562 0.489213070571423 0.489213071167469 0.489213071167469 0.489213071465492 0.489213071465492 0.489213070869446 0.489213072061539 0.489213072359562 0.489213072657585 0.12728310960345 0.0931029014289379 0.0936569330096245 0.0953317110240459 0.0939953815937042 0.0958084452152252 0.097862266600132 0.0973013277351856 0.0972567880153656 0.0969291980564594 0.0920313726365566 0.0905711990594864
1.49777901113033 0.241665902733803 0.240913841128349 0.240913840681314 0.240913840532303 0.246914669722319 0.361987537443638 0.487948667705059 0.499402345716953 0.499402345120907 0.499402344822884 0.41733472943306 0.344468867778778 0.344468869566917 0.344468868970871 0.344468869864941 0.344468869268894 0.344468870162964 0.344468869268894 0.344468869268894 0.344468869864941 0.367804426550865 0.398155647814274 0.398124215602875 0.315578500628471 0.282146367430687 0.28214636772871 0.282146367430687 0.282146368026733 0.282146368026733 0.28214636862278 0.32777494519949 0.428372876644135 0.489492084681988 0.490074040293694 0.490074042379856 0.490074039399624 0.490074041187763 0.490074040293694 0.490074042081833 0.490074040591717 0.49007404088974 0.490074042677879 0.49007403999567 0.490074042081833 0.707183558344841 0.731305196285248 0.731305193901062 0.731305193901062 0.731305193901062 0.731305195689201 0.731305193901062 0.731305193901062 0.731305193901062 0.731305197477341 0.731305195689201 0.731305193901062
1.15738828867674 0.459810279458761 0.338046919703484 0.254565691351891 0.313835130482912 0.459087805002928 0.500254680216312 0.500254678726196 0.500254679322243 0.500254679322243 0.500254678726196 0.418375527560711 0.345152026116848 0.345152026712894 0.345152026116848 0.345152026712894 0.345152025520802 0.345152026712894 0.345152025520802 0.345152026712894 0.345152026712894 0.35204401999712 0.395130937099457 0.398904371857643 0.387647089660168 0.303160517215729 0.282742483019829 0.282742482721806 0.282742482721806 0.282742481827736 0.282742482125759 0.282742482125759 0.282742483317852 0.323304364681244 0.427438095510006 0.490297295451164 0.490917816460133 0.490917816758156 0.490917817354202 0.490917816758156 0.490917816758156 0.490917816460133 0.490917816460133 0.490917816460133 0.490917817354202 0.708181934058666 0.732320747375488 0.732320747971535 0.732320748567581 0.732320747375488 0.732320748567581 0.732320747971535 0.732320748567581 0.732320747971535 0.732320748567581 0.732320747375488 0.732320748567581
0.628168464899063 0.487664438188076 0.569427857995033 1.09557393223047 0.68765245616436 0.501089661717415 0.501089661717415 0.501089658737183 0.501089662313461 0.501089661717415 0.501089659929276 0.419399699866772 0.345821526944637 0.345821526944637 0.345821526944637 0.345821527540684 0.345821526646614 0.345821527838707 0.345821526646614 0.345821527540684 0.345821527242661 0.345821526944637 0.373548533916473 0.399638024866581 0.399638025164604 0.387274709641933 0.305014639794827 0.283326805531979 0.283326806128025 0.283326806426048 0.283326806128025 0.283326805531979 0.283326804935932 0.283326807320118 0.283326806724072 0.483499429523945 0.529274052083492 0.492176325619221 0.491744422614574 0.491744424104691 0.491744422912598 0.491744422912598 0.491744424402714 0.491744423210621 0.491744424402714 0.709159261882305 0.733315268754959 0.733315269351006 0.733315269351006 0.733315268158913 0.733315268754959 0.733315268754959 0.733315269351006 0.733315268754959 0.733315269947052 0.733315268158913 0.733315269351006
0.488470306396484 0.656414775550365 1.31772356301546 1.42406347632408 0.747542943358421 0.501907354593277 0.501907356977463 0.50190735578537 0.501907357573509 0.501907355189323 0.50190735578537 0.420407287180424 0.346477400362492 0.346477400660515 0.346477400362492 0.346477400362492 0.346477399766445 0.346477400958538 0.346477400958538 0.346477399766445 0.346477400064468 0.346477400064468 0.349037193059921 0.390980426371098 0.400356658697128 0.400356658101082 0.383382683694363 0.283899350166321 0.283899351358414 0.283899350762367 0.283899351656437 0.283899351358414 0.28389935106039 0.283899351358414 0.330710842609406 0.607747639715672 0.612647066116333 0.588922245502472 0.527383556962013 0.492679298520088 0.492553918063641 0.492553917169571 0.492553916871548 0.492553917765617 0.492553917169571 0.879682148993015 0.922292146682739 0.921863451004028 0.921440850496292 0.921088358163834 0.920747612118721 0.920404183864594 0.920058018565178 0.919709071516991 0.919357297420502 0.919002649784088 0.918645079135895
0.74490450322628 1.37269877970219 1.42518731474876 1.42518731236458 0.785231881737709 0.502707797288895 0.502707797288895 0.502707797288895 0.502707797288895 0.502707797288895 0.502707797288895 0.421398313343525 0.34711968421936 0.34711968511343 0.347119685709476 0.347119684815407 0.347119683623314 0.347119685411453 0.347119685709476 0.34711968421936 0.34711968511343 0.347119683623314 0.348482798039913 0.39357546299696 0.401060283184052 0.401060282289982 0.337374164164066 0.284460133612156 0.284460134804249 0.284460133016109 0.284460133314133 0.292660488188267 0.384125519692898 0.384125518202782 0.509890596866608 0.613530212640762 0.613530212640762 0.613530212640762 0.613530212640762 0.586259503662586 0.524270209372044 0.493346368670464 0.549140665829182 0.679328871667385 0.679328871667385 1.08295351088047 1.1279011464119 1.12801691532135 1.12812362074852 1.12823006153107 1.12833624958992 1.13449306726456 1.13523181080818 1.135231808424 1.13523180961609 1.13523180961609 1.13523180961609
1.40737138032913 1.42628623127937 1.42628623247147 1.42628623127937 0.84361458003521 0.503491045832634 0.503491050601006 0.503491049408913 0.503491050601006 0.503491049408913 0.503491049408913 0.422372825443745 0.347748408615589 0.347748408019543 0.347748408913612 0.347748409807682 0.347748409211636 0.347748409509659 0.347748409807682 0.347748408615589 0.347748410403729 0.347748408913612 0.357676628232002 0.401748954951763 0.40174895554781 0.384389073550701 0.287715146243572 0.285009177625179 0.285009178221226 0.285009178221226 0.285009179115295 0.312774179577827 0.614394236207008 0.614394237995148 0.614394237399101 0.614394237995148 0.614394236207008 0.614394237995148 0.614394237995148 0.614394237995148 0.61439387857914 0.583129343688488 0.705169606804848 1.11424343466759 1.11424343109131 1.11424343347549 1.1142434322834 1.1142434322834 1.11424343466759 1.1142434322834 1.1142434322834 1.48991628527641 1.53032452225685 1.52722455859184 1.52388605356216 1.52026916027069 1.51627169728279
1.42736028909683 1.42736028671265 1.42736029028893 1.39400584459305 0.829030083417892 0.504257149100304 0.504257150888443 0.504257146120071 0.504257150888443 0.50425714969635 0.504257147908211 0.423330835998058 0.348363573849201 0.348363573849201 0.348363572955132 0.348363572657108 0.348363573551178 0.348363575041294 0.348363573551178 0.348363572359085 0.348363572955132 0.348363573253155 0.36531311661005 0.402422689199448 0.402422688901424 0.320371206998825 0.285546481311321 0.285546481907368 0.285546482205391 0.285546481013298 0.285546481609344 0.314312583804131 0.61523918390274 0.615239182710648 0.614169889092445 0.61523918569088 0.615239183306694 0.615239184498787 0.615239183306694 0.61523918390274 0.615239181518555 0.615239181518555 0.765162417292595 1.11527359485626 1.11527359485626 1.11527359604836 1.11527359604836 1.11527359485626 1.11527359485626 1.11527359485626 1.11527359724045 1.6715213060379 1.73422469973564 1.73422469735146 1.73422470331192 1.73422469854355 1.73422469973564
1.42840966105461 1.42840966105461 1.42840965986252 1.20679547250271 0.505006170272827 0.505006170272827 0.505006170272827 0.505006170272827 0.505006170868874 0.505006170868874 0.505006170272827 0.424272403120995 0.34896522462368 0.34896522551775 0.348965224325657 0.348965224325657 0.34896522462368 0.348965224921703 0.348965224921703 0.348965225219727 0.348965224027634 0.34896522462368 0.372836588323116 0.403081532418728 0.428503946661949 0.419952455759048 0.420579023361206 0.421203846633434 0.421819802522659 0.422427144348621 0.346549113690853 0.335971369743347 0.616065121293068 0.616065118312836 0.615932202935219 0.615276541113853 0.616065117120743 0.616065119504929 0.616065116524696 0.616065120100975 0.616065117716789 0.616065118908882 0.766042521595955 1.11628015041351 1.11628015041351 1.1162801527977 1.1162801527977 1.11628015041351 1.11628015041351 1.11628015041351 1.11628015518188 1.59865707039833 1.65174237728119 1.65221168279648 1.65267596721649 1.65311587333679 1.64754493236542
1.4294344329834 1.42943443059921 1.42943443059921 1.42925709009171 0.596093623638153 0.505738124847412 0.505738126635551 0.505738124847412 0.505738128423691 0.505738126039505 0.505738125443459 0.425197530090809 0.349553371667862 0.349553372561932 0.349553371667862 0.349553372859955 0.349553372263908 0.349553373157978 0.349553372263908 0.349553371965885 0.349553372561932 0.349553371071815 0.377265590727329 0.407788534462452 0.542932161986828 0.567453635931015 0.567453637123108 0.567453635931015 0.567453637719154 0.567453634738922 0.572816794514656 0.78162550508976 0.625168106555939 0.616872119903564 0.616872118711472 0.616872117519379 0.616872118115425 0.616872118711472 0.616872117519379 0.616872117519379 0.616872117519379 0.616872117519379 0.76690232694149 1.11726321697235 1.11726321697235 1.11726322054863 1.11726321697235 1.11726321816444 1.11726321816444 1.11726321816444 1.11726322174072 1.31835663318634 1.33939575433731 1.33939575076103 1.33939574837685 1.33939574956894 1.33939575195312
1.35215721011162 1.42996678233147 1.43043473005295 1.46791838765144 1.55990525782108 1.2944618833065 1.29575060248375 1.24335017859936 1.31457709014416 1.37040811538696 1.39052313148975 0.867622047066689 0.350128044486046 0.350128045082092 0.350128044188023 0.39092443883419 0.480858523249626 0.487186699211597 0.489428869783878 0.491560885310173 0.493593063652515 0.495534334182739 0.444153210222721 0.480783139169216 0.568211521506309 0.56821151971817 0.56821151971817 0.568211520910263 0.568211520910263 0.56821151971817 0.822962273955345 1.04808669090271 0.93175519824028 0.85702488720417 0.711949514746666 0.617660236358643 0.617660232186317 0.61766023516655 0.617660234570503 0.617660236954689 0.61766023337841 0.617660234570503 0.767741895914078 1.11822291016579 1.11822290897369 1.11822291493416 1.11822291254997 1.1182229077816 1.11822291016579 1.11822290897369 1.11822291493416 1.32018538475037 1.34038716554642 1.34038716554642 1.3403871679306 1.34038716673851 1.34038716554642
1.0343947660923 1.05679113149643 1.19097140312195 1.92415140986443 2.00083209991455 2.00083210229874 2.00083209991455 2.00081657290459 1.821382573843 1.55872649312019 1.41074052751064 0.809618003964424 0.350689261555672 0.38697956174612 0.557748241126537 0.649524002969265 0.652024093866348 0.652024096250534 0.652024094462395 0.652024093866348 0.652024095058441 0.652024093866348 0.519497776925564 0.561008633375168 0.568951352834702 0.568951351642609 0.568951354622841 0.568951352834702 0.568951351642609 0.615171065330505 1.0380173766613 1.04900957465172 1.04900957942009 1.04900957465172 0.764303902983665 0.618429535627365 0.618429536223412 0.618429535627365 0.618429535627365 0.618429536223412 0.618429535627365 0.618429536819458 0.768561314940453 1.1191593170166 1.1191593170166 1.1191593170166 1.11915931820869 1.1191593170166 1.1191593170166 1.1191593170166 1.1191593170166 1.32197453379631 1.34135444998741 1.34135444402695 1.34135444164276 1.34135444402695 1.45118184924126
1.03529177546501 1.03529177308083 1.08318679332733 1.9099060344696 2.00181049108505 2.00181049108505 1.66241420567036 1.02022269904613 0.872479739785194 0.872479735016823 0.872479735612869 0.661963903605938 0.640408474206924 0.876071181297302 0.652792323231697 0.652792322039604 0.652792322039604 0.652792322039604 0.652792322039604 0.652792322039604 0.652792322635651 0.652792322635651 0.586804667711258 0.569673178195953 0.569673179388046 0.569673178195953 0.569673179388046 0.569673178195953 0.569673178195953 0.785393192768097 1.04990964770317 1.04990964531898 1.04990964651108 1.04990964651108 0.727767541408539 0.619180048108101 0.619180048704147 0.619180049300194 0.619180046916008 0.739513413310051 0.752520061731338 0.752199785113335 0.860568954944611 1.12007252931595 1.12007252812386 1.12007252812386 1.12007252812386 1.12007252812386 1.12007252812386 1.12007252693176 1.12007252812386 1.32372452020645 1.34229769706726 1.34229769706726 1.34229769706726 1.50588466882706 1.75406069040298
1.05033797502518 1.03616616249084 1.03341426610947 1.18966431856155 1.3354508638382 1.28796079456806 1.08760064125061 0.873313759565353 0.873313761949539 0.874958533644676 0.895340166687965 0.913493160009384 0.914201055765152 0.887356479763985 0.653541361689568 0.653541361093521 0.653541359901428 0.65354136288166 0.65354136288166 0.653541359901428 0.653541361093521 0.749136198759079 0.956184785962105 0.634437613487244 0.570377051234245 0.570377049446106 0.570377051234245 0.570377050638199 0.570377051234245 0.919833517074585 1.05078694462776 1.05078694343567 1.05078694701195 1.05078694462776 0.679820907115936 0.619911867380142 0.619911865592003 0.619911865592003 0.830935637950897 1.57344649791718 1.58869087696075 1.58869087815285 1.44861801505089 1.12096264004707 1.12096264004707 1.12096264243126 1.12096264004707 1.12096264004707 1.12096264123917 1.12096263885498 1.12096264004707 1.32543642282486 1.34321703314781 1.3461590731144 1.56865475058556 1.76299775719643 1.76337592601776
