All_rasters_2/Population.asc
NCOLS 176 
NROWS 173 
XLLCORNER -17.5416666666667 
YLLCORNER -34.7083333333334 
CELLSIZE 0.416666666666667 
NODATA_value -9999 
[rows 100 to 124 of 173, columns 57 to 113 of 176]
-9999 -9999 -9999 -9999 -9999 -9999 -9999 -9999 -9999 -9999 -9999 -9999 -9999 2.13074695283458 2.08220095157623 1.98980910301209 2.42732076406479 2.70951207876205 2.76246645689011 2.76921149969101 2.78729457616806 3.49822028160095 3.41033441781998 2.59673577308655 2.57610000610352 2.59938717603683 2.52682542324066 2.75086448431015 2.89475954771042 3.03154885530472 3.03514024972916 2.93763184785843 2.90872724056244 2.57957113742828 2.51462781190872 2.52852872133255 2.53861530542374 2.53899118661881 2.57146861791611 2.39324771710064 2.21626037359238 2.14693846918167 1.66607423804023 -9999 1.58807141677691 1.99517190158367 2.03095018625259 2.39589335203171 2.65159595489502 2.62283592224121 2.43736249446869 2.43487725257874 2.43487725257874 2.59051443576813 2.76822554349899 0.445839127898216 2.9149328738451
-9999 -9999 -9999 -9999 -9999 -9999 -9999 -9999 -9999 -9999 -9999 -9999 -9999 -9999 2.00009929060936 2.50807980895042 3.27058933258057 2.82814851284027 2.7548393034935 2.87126836061478 2.98718500614166 2.99771375656128 2.9103710436821 2.64906038761139 2.67092420339584 2.70786212921143 2.70821259260178 2.81418152570724 2.83561907052994 3.01346148490906 3.14553315162659 2.91341546297073 2.90846743583679 2.66559250593185 2.52523210287094 2.52103429317474 2.53865595579147 2.58855355739593 2.79763698339462 2.45288688182831 2.27092764616013 2.17649034023285 1.91697875394261 -9999 2.12805102206767 2.19772366404533 2.21332020759583 2.59613881111145 2.6151117682457 2.57163308143616 2.45708329916 2.38833086252213 2.30758647918701 2.37073549628258 2.60796350717545 -9999 2.510007853508
-9999 -9999 -9999 -9999 -9999 -9999 -9999 -9999 -9999 -9999 -9999 -9999 -9999 -9999 2.65591947317123 3.14287900924683 3.20939700841904 3.10488804101944 2.78189075231552 2.89781672239304 3.09736434698105 3.02436105012894 2.93370755434036 2.62738464593887 2.6345716547966 2.70788537502289 2.70796685218811 2.82590046644211 2.83497206926346 2.87393128633499 2.93019924640656 2.86368703365326 2.90231574773788 2.67925837993622 2.52474310398102 2.59326640844345 2.6247357583046 2.85583645820618 2.90807981491089 2.68635845422745 2.4031772518158 2.33140791654587 2.12231653388788 2.42938192561269 2.48055490493774 2.46430958986282 2.46430958986282 2.47146578788757 2.51355919837952 2.50776759624481 2.51288411617279 2.21168355107307 1.92347968578339 2.09238250613213 2.26985466480255 0.60832411468029 1.30888373907655
-9999 -9999 -9999 -9999 -9999 -9999 -9999 -9999 -9999 -9999 -9999 -9999 -9999 -9999 2.8019458926641 2.89368648290634 2.91661743164063 2.82302207827568 2.68820239305496 2.7622939491272 2.99566380023956 3.00610902309418 2.93388329029083 2.65066046237946 2.69323355913162 2.65362426757813 2.64620255470276 2.55139627933502 2.62448037385941 2.73348863601685 2.79539459705353 2.8080859541893 2.80882098436356 2.71039055585861 2.61469582080841 2.71423777341843 2.69501842737198 2.75014755010605 3.06719191789627 3.06991386175156 2.68262830257416 2.91810560703278 2.24308291687207 2.66027695655823 2.55459336519241 2.46400419950485 2.46400419950485 2.46116363763809 2.32230805635452 2.27567828178406 2.06467527508736 1.92102797985077 2.03076796174049 2.16500194549561 2.2695498251915 1.20499732941389 0.434696943759918
-9999 -9999 -9999 -9999 -9999 -9999 -9999 -9999 -9999 -9999 -9999 -9999 -9999 -9999 -9999 2.60597642183304 2.14313538908958 1.62761703491211 2.10257303118706 2.40285340547562 2.37132038831711 2.9612898349762 3.00209686517715 3.05003123521805 3.06866670131683 2.65125992298126 2.55766133308411 2.39079364061356 2.3819881105423 2.39463442564011 2.63280604600906 2.66892777204514 2.81851330518723 2.87014860391617 2.86803362607956 2.86259062290192 2.80701252937317 2.79092617034912 2.84573363304138 3.02156148672104 2.97415394544601 3.44393716573715 2.62013759125363 2.66741322040558 2.67422714948654 2.61044483423233 2.47685273885727 2.43623798727989 1.97475149393082 1.96319967865944 1.96289990782738 1.94521372914314 1.96496937155724 2.25723664045334 2.26922198295593 0.947741799005307 1.17174487411976
-9999 -9999 -9999 -9999 -9999 -9999 -9999 -9999 -9999 -9999 -9999 -9999 -9999 -9999 -9999 2.39259822090918 1.77985239744186 1.69592954993248 1.99794589519501 2.475582716465 2.54181197166443 2.74937351703644 2.93820509433746 3.0332289648056 2.99341372728348 2.70949930429459 2.56008651256561 2.5053101348877 2.42353294372559 2.38572795152664 2.38271858215332 2.4308900141716 2.66877177715302 2.87207210302353 2.87190657377243 2.86804256677628 2.86508585691452 2.79252359867096 2.78922006130218 2.93782888650894 3.07502598762512 3.32230882406235 3.19172933340073 3.00228716611862 2.81345784425735 2.6407564163208 2.53079579114914 2.28735566735268 2.09091419577599 2.16448491454124 2.07280904173851 2.10755823731422 2.08509364485741 2.21464489221573 2.26887106895447 1.93288668125868 0.176887748241425
-9999 -9999 -9999 -9999 -9999 -9999 -9999 -9999 -9999 -9999 -9999 -9999 -9999 -9999 -9999 -9999 1.70805969238281 1.70706076860428 2.1041361117363 2.54255616664886 3.10745978355408 2.94086337566376 2.8599838757515 2.90132786035538 2.74746388912201 2.64643232822418 2.5596826338768 2.55971140861511 2.54462537765503 2.48953822374344 2.45479151725769 2.44704793810844 2.42449148774147 2.65143337726593 2.73167351961136 2.87169556617737 2.85604493141174 2.77626524209976 2.74826538324356 2.74193740367889 2.85598598957062 3.10327320098877 2.94694535017014 2.73652073860168 2.65544593811035 2.51783371925354 2.51703199625015 2.48808828830719 2.31680438280106 2.24766231060028 2.24392317056656 2.24584445476532 2.25016777515411 2.2534975028038 2.24921268701553 2.22348908901215 1.36382403612137
-9999 -9999 -9999 -9999 -9999 -9999 -9999 -9999 -9999 -9999 -9999 -9999 -9999 -9999 -9999 -9999 1.63715742577563 1.70247010827065 2.1347502052784 2.40189173698425 2.82227535009384 3.62698186635971 3.07375729084015 2.91520673632622 2.45145959019661 2.48813197255135 2.44492074966431 2.55914702177048 2.55931305885315 2.51663786649704 2.46396033763885 2.35496417880058 2.03406129837036 2.45774993896484 2.50367401361465 2.52792914628983 2.3992914891243 2.55582059621811 2.72316212892532 2.72215095996857 2.76001282930374 2.97512516975403 2.67555800437927 2.17255878448486 2.14833945035934 2.39844208955765 2.51489981174469 2.5679620218277 2.60803509712219 2.30361166954041 2.34841695308685 2.31328103780746 2.24648181200027 2.24354282140732 2.22313023090363 2.22276609420776 2.22276608705521
-9999 -9999 -9999 -9999 -9999 -9999 -9999 -9999 -9999 -9999 -9999 -9999 -9999 -9999 -9999 -9999 1.84266040122734 2.17471513152122 2.4558444237709 2.45123859405518 2.57974371194839 3.46441357851028 3.38830325841904 2.78473527193069 1.96877039074898 1.97553915262222 2.09937020540237 2.54837894201279 2.47690871834755 2.33330246090889 2.35414672970772 2.05830015301704 1.52967009782791 2.10860170841217 2.18723034858704 2.30065509557724 2.2926390337944 2.13333956599236 2.35105790019035 2.31688614606857 2.48539837956429 2.78252772092819 2.44623912572861 2.16971845149994 2.11266635894775 2.11539843320847 2.26416332244873 2.6418167591095 2.81807259559631 2.78330589771271 2.80790417075157 2.63458279132843 2.24713115692139 2.29925893783569 2.27188805103302 2.31395547151566 2.23828261137009
-9999 -9999 -9999 -9999 -9999 -9999 -9999 -9999 -9999 -9999 -9999 -9999 -9999 -9999 -9999 -9999 -9999 2.65687958357182 2.90798638343811 2.59095231771469 2.71219749212265 2.83271486759186 2.92934046030045 2.58616293072701 2.1453613114357 1.99941870570183 2.0052798640728 2.44654918313026 2.29738520145416 1.62130465745926 1.6206042098999 1.5992392039299 1.53157382845879 2.05522205114365 2.08421782493591 2.08898371696472 2.29156777381897 2.19787680149078 1.93745420217514 1.93745419979095 1.93745420098305 1.95117396831512 2.17169559001923 2.15053181171417 2.10358935832977 2.10358935594559 2.13341969490051 2.46986791849136 2.30813897192478 2.72386962532997 2.44342211484909 2.18714330434799 2.25947147130966 2.34486869812012 2.3604939866066 2.41781836032867 2.26548544406891
-9999 -9999 -9999 -9999 -9999 -9999 -9999 -9999 -9999 -9999 -9999 -9999 -9999 -9999 -9999 -9999 -9999 3.15294728345341 3.01473005056381 2.82040384054184 2.62339348554611 2.56623778820038 2.58759279727936 2.39109807729721 1.99873760700226 1.96311567544937 1.98212551832199 1.86563443303108 2.56941845178604 1.82179905295372 1.54601486444473 1.54445926785469 1.53223582267761 2.0634227001667 2.0902945971489 2.37188807725906 2.52257131576538 2.41725147366524 1.94342221498489 1.93698994755745 1.93698994278908 1.95069547057152 2.13278053283691 2.10542140960693 2.10312342643738 2.10312342643738 2.28973331689835 2.47060654878616 1.96047460079193 2.48269635677338 2.03965738534927 2.18647735834122 2.36086802482605 2.23995168566704 0.911064769625664 2.66503786444664 1.28453333958983
-9999 -9999 -9999 -9999 -9999 -9999 -9999 -9999 -9999 -9999 -9999 -9999 -9999 -9999 -9999 -9999 3.09542007608847 2.22214164495468 1.90748255729675 2.86822693824768 2.87377122163773 2.76820358991623 2.52586654186249 2.37149931907654 2.28820248842239 2.01054449796677 2.00294686079025 1.80541745662689 2.21167973518372 1.88617868304253 1.41216452479362 1.41448014855385 1.5714129281044 2.10332183361053 2.41275451660156 2.5942407989502 2.2179626750946 2.07503956437111 2.00182873487473 1.98635188937187 1.98208007454872 1.96512802004814 2.00811935663223 2.05873478412628 2.10211240053177 2.10263412237167 2.30640643835068 2.38397074460983 2.42297251701355 2.05428435564041 2.03094599246979 2.15341868638992 2.36037698507309 0.912918072938919 1.59424926489592 2.43049793839455 2.09492912054062
-9999 -9999 -9999 -9999 -9999 -9999 -9999 -9999 -9999 -9999 -9999 -9999 -9999 -9999 -9999 -9999 0.837454043910839 0.703916029334068 1.06627922475338 2.81289236009121 3.10791751384735 2.76840099811554 2.39792548418045 2.6076415014267 3.40588195800781 2.42611696004868 2.12503245949745 1.74561267852783 1.73848835229874 1.92432441830635 1.92600551247597 1.52047093629837 1.76316329479218 2.52375940799713 2.42456243157387 1.81776995420456 1.53993661284447 1.71981212735176 2.00646150112152 2.00646150112152 2.00646150112152 2.00501290798187 2.00511035203934 2.09699620246887 2.09747894644737 2.10208939313889 2.29114258766174 2.47617171287537 2.25448654174805 2.03043406248093 2.03043406248093 2.1296554017067 2.34642912626266 1.85887217521667 2.72216547489166 2.16671587228775 2.18219536066055
-9999 -9999 -9999 -9999 -9999 -9999 -9999 -9999 -9999 -9999 -9999 -9999 -9999 -9999 -9999 -9999 -9999 0.664814933385585 0.703534627556801 0.772923830747604 2.42755132079124 2.41352699995041 2.1547670340538 2.17717751502991 2.22918349504471 2.20630831241608 2.1544474029541 2.03623541116714 1.75276165723801 1.76443997383118 1.96843165397644 1.79805044531822 2.15602217197418 2.59318649768829 2.51247311830521 1.4552172100544 1.45521721482277 1.47821841955185 1.89766250133514 2.06830462217331 2.03444797515869 2.04504535675049 2.07812616467476 2.08941591739655 2.09419663667679 2.15828015565872 2.2309830737114 2.24718498706818 2.17093569040298 2.12147067070007 2.04136116743088 2.07362721204758 2.15472257137299 2.26061410188675 2.65816428184509 2.2134657740593 2.09089938402176
-9999 -9999 -9999 -9999 -9999 -9999 -9999 -9999 -9999 -9999 -9999 -9999 -9999 -9999 -9999 -9999 -9999 1.78556882453208 1.62580782115459 1.94800591766834 2.3112670391798 2.43003240585327 2.24166536569595 2.11657367229462 2.12104938268662 2.10049234390259 2.13881425619125 2.116808385849 1.85811868071556 1.81029782176018 1.82656047701836 1.74786315798759 2.34016988754272 2.37934231281281 2.01178482174873 1.46189534306526 1.454672986269 1.4546729850769 1.77183676719666 2.18016816616058 2.18006224393845 2.18011414766312 2.1794917011261 2.07820868253708 2.0520912027359 2.10521706819534 2.08756134748459 2.23327466726303 2.2571017408371 2.26552576303482 2.15841918945313 2.14855876922607 2.14913294315338 2.32592962503433 2.31283792734146 2.11936283111572 2.21995495796204
-9999 -9999 -9999 -9999 -9999 -9999 -9999 -9999 -9999 -9999 -9999 -9999 -9999 -9999 -9999 -9999 -9999 -9999 2.6946248392905 3.14439492702484 2.83248271465302 2.41479120969772 2.40619190216064 2.21138720750809 2.46333431959152 2.45192727088928 2.18768451213837 1.9959837436676 1.77130786657333 1.71658399105072 1.74049362659454 1.74101598501205 1.73337190747261 1.60418471217155 1.60418471455574 1.50404386878014 1.45410590171814 1.90252722024918 2.11075041174889 2.1795843577385 2.17953348875046 2.17456356525421 2.1780746781826 2.11904375314713 2.0514800620079 2.04930145382881 1.95629067553414 2.19505281448364 2.29004751205444 2.5110670375824 2.28551331311464 2.14854938983917 2.14854938983917 2.27527446508408 2.47019313812256 2.30999886035919 2.39018561124802
-9999 -9999 -9999 -9999 -9999 -9999 -9999 -9999 -9999 -9999 -9999 -9999 -9999 -9999 -9999 -9999 -9999 -9999 2.95744586378336 3.03647414445877 3.03627398729324 2.91595175027847 2.74811275005341 2.79201939821243 2.90416784524918 2.87444606542587 2.74267366170883 1.97472872376442 1.70886074900627 1.70901967525482 1.95478232741356 1.77514540553093 1.6605707359314 1.69601318120956 1.62632879972458 1.56269934058189 1.32532613635063 1.52516166687012 1.79985469698906 1.4546738421917 1.52160626292229 1.24571767926216 1.52631589174271 2.18975436925888 2.03096601843834 2.00676709890366 2.05666005849838 2.40934495210648 2.42964276313782 2.61178616285324 2.43075854301453 2.24531812667847 2.21987126111984 2.34599141001701 2.34426526546478 2.50356766939163 1.42853829964995
-9999 -9999 -9999 -9999 -9999 -9999 -9999 -9999 -9999 -9999 -9999 -9999 -9999 -9999 -9999 -9999 -9999 -9999 3.00922697302939 2.95205918550491 2.84388943433762 2.8140315580368 3.00497106790543 2.99745489120483 2.93575333595276 2.87476459503174 2.77782871007919 2.19303692817688 1.97335667014122 2.03098073840141 2.07705105066299 1.78645487427711 1.78052703619003 1.85583204507828 1.83351030111313 1.44400970101357 1.27172309160233 1.0455482506752 1.04567270517349 1.1203493309021 1.1746019244194 1.17459823250771 1.37668438911438 2.00379886746407 1.93783331990242 1.91262707591057 2.14575170636177 2.44243156909943 2.44243156909943 2.43456047892571 2.67438893318176 2.91027739524841 2.43643132448196 2.13937990427017 2.33454782485962 2.39872826099396 2.32388756811619
-9999 -9999 -9999 -9999 -9999 -9999 -9999 -9999 -9999 -9999 -9999 -9999 -9999 -9999 -9999 -9999 -9999 -9999 3.35881256063779 2.91396475791931 2.77302241563797 2.87686629056931 3.05685073375702 3.03887578964233 3.03173457384109 3.12586040258408 3.07441047668457 2.70563330888748 2.16033355951309 2.12061608314514 1.88366950511932 1.77324630022049 1.77321563959122 1.77326817631721 1.80313844561577 1.53584566831589 1.38455901503563 1.11264376997948 1.06135892868042 1.17031458377838 1.17398674488068 1.17395938038826 1.41337087512016 1.89661991596222 1.89661991596222 1.88621531128883 1.87777332305908 2.09823524832726 2.61562675237656 2.11777429580688 1.78070785164833 2.33538081169128 1.99368430376053 2.03689847111702 2.34262745261192 2.60694589138031 2.44857894539833
-9999 -9999 -9999 -9999 -9999 -9999 -9999 -9999 -9999 -9999 -9999 -9999 -9999 -9999 -9999 -9999 -9999 3.40799046179344 3.14246428966522 2.79439864397049 2.91612967014313 3.02467904090881 3.36064040660858 3.0399946975708 3.10077144622803 3.43216904640198 3.31388761520386 2.74322525024414 2.42787981748581 2.03062845826149 1.77614324569702 1.7725520336628 1.7723228096962 1.77254191160202 1.7725744843483 1.76776886224747 1.27787475347519 1.15434642791748 1.1377522790432 1.17207166671753 1.17334921479225 1.17334921598434 1.36680317401886 1.91059900283813 1.89379338383675 1.87320565223694 1.86773714780807 1.867580524683 2.51923041939735 1.77348035097122 2.09262054800987 2.88116421818733 2.83698680639267 2.22169056177139 2.06946170926094 2.24150177001953 2.04163831233978
-9999 -9999 -9999 -9999 -9999 -9999 -9999 -9999 -9999 -9999 -9999 -9999 -9999 -9999 -9999 -9999 2.45345151469563 3.32632925748825 3.02556607961655 3.06978056907654 2.9877449464798 2.91998735904694 3.3828185582161 3.22134787082672 2.97791898965836 2.99316378831863 2.83628208875656 2.56995436906815 2.36605778515339 0.880785882174969 1.58378949820995 1.77133289456367 1.77187900900841 1.21463294029236 1.18610202461481 1.35732496500015 1.24437373399735 1.18179884314537 1.26354935288429 1.2628397500515 1.27211885690689 1.27576964735985 1.58829098820686 1.97139101266861 1.91580164432526 1.8347057056427 1.82261020064354 1.81628173232079 1.79058431386948 1.80580447793007 2.06226609230042 2.32787477731705 3.19021619558334 3.23302016377449 2.07103946447372 1.98896950602531 2.08338524222374
-9999 -9999 -9999 -9999 -9999 -9999 -9999 -9999 -9999 -9999 -9999 -9999 -9999 -9999 -9999 -9999 2.51950654268265 2.56989557743073 2.68780416250229 3.12567351818085 3.04572199583054 2.98776438951492 3.27524395704269 3.05851780772209 2.58359108805656 2.08818585634232 2.0881858587265 2.08818585157394 1.17911330640316 0.484982950985432 0.559544163346291 0.716805421411991 1.08869339108467 0.501336970031261 0.836681515872479 1.06162088274956 1.07967930674553 1.23397786140442 2.11519554615021 1.98287717223167 2.0127070581913 2.0211498105526 1.93435860514641 1.95996567368507 1.74636856198311 1.68954733610153 1.70227465987206 1.70970447659492 1.70832739233971 1.7754146361351 2.07317593216896 2.07546275854111 2.27644351243973 2.97042277097702 2.44223354578018 2.08701582789421 2.14793618679047
-9999 -9999 -9999 -9999 -9999 -9999 -9999 -9999 -9999 -9999 -9999 -9999 -9999 -9999 -9999 2.30561675230662 2.0110181415081 2.40342578291893 2.46084587574005 2.72907691478729 2.79992527008057 2.55357738494873 2.81985407352448 2.16016628980637 1.97617947340012 2.08743620872498 2.0874362039566 2.13492250204086 1.35610547691584 0.708895054459572 0.484506744146347 0.484506744146347 0.484506743550301 0.516641736030579 0.97852763146162 1.06093069076538 1.06093069314957 1.12972265005112 1.78702026128769 1.6838808119297 1.80807185173035 2.02658931016922 1.92909618258476 1.91340406179428 1.70605662107468 1.68468538999557 1.69388146042824 1.70896341323853 1.70896341323853 1.98532697796822 2.23789816617966 2.25603688716888 2.19839408397675 2.37597386837006 2.4323400592804 2.3387127661705 2.29052607774734
-9999 -9999 -9999 -9999 -9999 -9999 -9999 -9999 -9999 -9999 -9999 -9999 -9999 -9999 -9999 1.98736132621765 1.83181414604187 1.9316304063797 2.30947639226913 2.53835015296936 2.61023315191269 2.50882010221481 2.24420854091644 1.96339031934738 1.98432608008385 2.08267452955246 2.15916674613953 2.53014627933502 2.06266606211662 1.56009761750698 0.680359288752079 0.531722293794155 0.484122737050056 0.483982418775558 0.80714377194643 1.06021841168404 1.06021841526031 1.14089851379395 1.84035072207451 1.77514124155045 1.80495539546013 1.9815799510479 1.93745057821274 1.92138270139694 1.97420523643494 1.73090567946434 1.68469356536865 1.70627653598785 1.70819854974747 1.87904311776161 2.34980459451675 2.37763706684113 2.37876350879669 2.42242391824722 2.34232412457466 2.02720466852188 1.9587556385994
-9999 -9999 -9999 -9999 -9999 -9999 -9999 -9999 -9999 -9999 -9999 -9999 -9999 -9999 2.3531107542007 2.29502722859383 1.84517270088196 2.07042756438255 2.7941613817215 2.48651489973068 2.43127203941345 2.42011327147484 1.96504951119423 1.9362360227108 1.97505248069763 2.079976811409 2.19271685838699 2.63572125911713 2.09722099661827 1.5661355471611 1.44032775521278 1.53193208247423 0.884663650989532 0.483442012667656 0.610297573804855 1.05948395729065 1.05948395729065 1.14905223846436 1.93993875622749 1.90901265978813 1.83108312129974 1.96115530133247 2.15865277290344 2.15398120045662 2.29656628847122 1.94086299657822 1.82641948461533 1.7528886115551 1.76836809039116 1.86477673053741 2.30115174770355 2.45793405056 2.53942742347717 2.98755240678787 2.38432977437973 1.58357450008392 1.59319727540016
