All_rasters_2/Population.asc
NCOLS 176 
NROWS 173 
XLLCORNER -17.5416666666667 
YLLCORNER -34.7083333333334 
CELLSIZE 0.416666666666667 
NODATA_value -9999 
[rows 125 to 149 of 173, columns 57 to 113 of 176]
-9999 -9999 -9999 -9999 -9999 -9999 -9999 -9999 -9999 -9999 -9999 -9999 -9999 -9999 2.39739644268285 2.21190055251122 1.89709433794022 3.00122072458267 2.93632563114166 2.3542706990242 2.30504377126694 2.43123828649521 2.05542293548584 1.93784159302711 1.93413547635078 2.06577798008919 2.19563639640808 2.63492328166962 2.03615453362465 1.56532900571823 1.56532900094986 1.56532900691032 1.4798029923439 0.907102874517441 0.779827546179295 1.07126621097326 1.05872725605965 1.15120721459389 2.00934618592262 2.09565119028091 2.15539562821388 2.3137464094162 2.2046821975708 2.03009757041931 2.14740980148315 2.31104769706726 2.00538290023804 1.92169905185699 1.92633087396622 1.9274413394928 2.3425804901123 2.55429612398148 2.53889395713806 2.54536639928818 2.22386538147926 1.73645463705063 1.89168077945709
-9999 -9999 -9999 -9999 -9999 -9999 -9999 -9999 -9999 -9999 -9999 -9999 -9999 -9999 2.47934572429073 1.64674277424812 1.45067465186119 2.35385502815247 2.47477035045624 2.24214277267456 2.29856877803803 2.4351856470108 2.02697932481766 1.84340344429016 1.72859964489937 1.8118270277977 2.2998891544342 2.63407162666321 2.31549879908562 1.56449859976769 1.56449859857559 1.56449860095978 1.39256663560867 1.30928927659988 1.30928927659988 1.29813314318657 1.1261290371418 1.15132767796516 2.0499225461483 2.53409049630165 2.82106794595718 2.26493442296982 2.16614003181458 1.92027441263199 1.86769620418549 2.07368119239807 1.83278294444084 1.83205870985985 1.84591706156731 1.88943306922913 2.44965190529823 2.68467098236084 3.10012230873108 3.12853431940079 2.27269615769386 1.91281804323196 1.9518560552597
-9999 -9999 -9999 -9999 -9999 -9999 -9999 -9999 -9999 -9999 -9999 -9999 -9999 1.32085755778516 1.49151834368706 1.31205027222633 1.31205027103424 1.61337208747864 2.00308465361595 1.99735940814018 2.13042190670967 2.35938006520271 1.70133875608444 1.65606617689133 1.76882043242455 1.90450791239738 2.28074466705322 2.63319530963898 2.60847520828247 1.58286403656006 1.56364424109459 1.51078558087349 1.34585337877274 1.30845409154892 1.32702735900879 1.50178014397621 1.4759393966198 1.19545641183853 1.98308145642281 2.30964761734009 2.29355665445328 2.12426384210587 2.11286382198334 1.84495954155922 1.66968886494637 1.82721583008766 1.76970525860786 1.62392585992813 2.06899659991264 2.34498427867889 2.48743287086487 2.80534608602524 2.80878385066986 2.66573553323746 2.64823324680328 2.32581464529037 2.33393038868904
-9999 -9999 -9999 -9999 -9999 -9999 -9999 -9999 -9999 -9999 -9999 -9999 -9999 1.40858351775387 1.43088747382164 1.3433011507988 1.31119119763374 1.65804209828377 1.94432684421539 1.91460011363029 2.09020617365837 2.18624011397362 1.89881389737129 1.8414883518219 2.28734265327454 2.29855461359024 2.34445465087891 2.63229219913483 1.93865803003311 1.10870287299156 1.16378897190094 1.27491380929947 1.30688594579697 1.30759536981583 1.30759537220001 1.39635087966919 1.5314184486866 1.49234258174896 1.94395051002502 1.98782735466957 2.09871591210365 2.05722679972649 2.03973271727562 1.6214869582653 1.60128442764282 1.69093227863312 1.81731059670448 1.77527942419052 2.25067221522331 2.55126205205917 2.78354958057404 2.772450299263 2.70143345355988 2.57486749887466 2.45559759378433 2.43196702718735 2.43297330141068
-9999 -9999 -9999 -9999 -9999 -9999 -9999 -9999 -9999 -9999 -9999 -9999 -9999 1.33865320423825 1.49906168580055 1.49644226431847 1.53806585907936 1.79658499598503 1.90199414491653 1.94184887647629 2.37780162811279 2.39849280118942 2.31367087125778 2.29120019078255 2.29723532915115 2.24301331281662 2.06108586668968 1.99218112826347 1.70122936844826 1.34299367427826 1.08354475975037 1.24956734418869 1.3067130959034 1.30671309828758 1.30671309828758 1.3067130947113 1.44484862804413 1.54060000419617 1.74446566462517 1.95260052323341 1.95265043139458 1.98611976027489 1.86843366026878 1.71497237205505 1.60037965893745 1.78743443846703 1.88102081894875 2.09492144107819 2.43861395359039 2.64603653669357 2.82262936830521 2.63454471111298 2.08813026204705 1.32857458861545 1.62909058067948 2.40721609592438 2.4305740237236
-9999 -9999 -9999 -9999 -9999 -9999 -9999 -9999 -9999 -9999 -9999 -9999 -9999 1.38567651559006 1.45784098595381 1.43123167216778 1.21785995662212 1.55915819108486 1.82938629150391 1.98771434426308 2.41936671495438 2.3858407831192 2.29569490671158 2.24774719715118 2.19588402509689 2.17484988212585 1.9205988407135 1.67788280487061 1.6778828060627 1.61626175880432 1.61412123441696 1.78525781869888 1.37787843346596 1.32651847720146 1.35925650715828 1.35981976628304 1.45489905953407 1.53966660261154 1.53967444062233 1.75280285477638 1.95147140860558 1.82253355622292 1.72099635839462 1.89105940103531 1.87847629666328 1.79016233682632 1.89345526099205 1.94674915075302 2.47203584551811 2.66955262422562 2.76438189506531 1.74916614562273 1.56353824246675 1.98223465330899 2.21013842582703 2.43020996809006 2.47980822324753
-9999 -9999 -9999 -9999 -9999 -9999 -9999 -9999 -9999 -9999 -9999 -9999 -9999 0.438407106484686 0.420602738559246 0.636199043989181 1.14766514360905 1.15122884809971 1.53008346796036 1.85898922741413 2.58327601909637 2.69116081476212 2.70406360149384 2.75923214435577 2.35251034736633 2.22304752826691 2.08358050823212 1.61343208193779 1.4345190012455 1.68925358295441 1.71558469772339 1.92190350174904 1.76507218956947 1.42242414355278 1.42718220233917 1.42718219995499 1.42718220353127 1.52881833672524 1.53872454881668 1.5387245464325 1.68187684416771 1.70163601279259 1.51949723958969 1.95003197193146 1.94089682936668 1.92058418393135 1.89246343612671 2.09187342762947 2.34137635588646 2.33010864973068 2.45391938745975 1.97883869886398 2.34603763818741 2.5364265203476 2.7619345498085 2.57483201503754 2.45493596792221
-9999 -9999 -9999 -9999 -9999 -9999 -9999 -9999 -9999 -9999 -9999 -9999 -9999 0.350560538470745 0.358215616345406 0.427270401716232 1.19795760512352 1.24902321577072 1.36596621513367 0.855364836156368 1.85787096977234 2.71103840351105 2.68226532816887 3.06856536149979 2.38642025470734 2.01882420182228 1.67718753218651 1.08886125743389 1.27475233852863 1.87101417422295 1.86996214985847 1.9498558652401 2.12398208260536 1.67744184851646 1.66249904990196 1.6466476559639 1.53580368220806 1.31814813792706 1.25324228465557 1.19517886400223 0.977924675345421 1.19890293687582 1.05351147979498 1.67513316988945 1.6862813937664 1.66465348482132 1.99759538412094 2.39011310100555 2.05927597880363 2.37560466885567 2.2387812544778 2.33479537963867 2.52834082841873 2.71359540462494 2.75612153291702 2.63658532857895 2.54147010803223
-9999 -9999 -9999 -9999 -9999 -9999 -9999 -9999 -9999 -9999 -9999 -9999 -9999 -9999 0.274611905521276 0.277509091496468 1.0248050481081 1.34224651217461 1.59748486042023 1.01931597709656 1.1277741008997 0.976271302551031 1.1239006626606 1.55808548033237 2.57938159227371 1.90082209587097 1.07389588177204 0.819714307188988 1.21415704965591 1.16226468861103 1.3418138384819 1.70866622209549 1.42928023576736 1.35237214028835 1.21139080256224 1.32528248116374 1.64648959875107 1.05621097207069 1.0984410148859 1.23398441195488 1.30144890427589 1.11985712945461 1.23287694752216 1.25998621344566 1.26175754785538 1.2694690823555 1.57059172034264 1.65108877062798 1.98661389231682 1.76112841367722 2.18952623724937 2.32578250646591 2.56385726928711 2.69941396713257 2.7363799571991 2.63322682857513 2.69673445224762
-9999 -9999 -9999 -9999 -9999 -9999 -9999 -9999 -9999 -9999 -9999 -9999 -9999 -9999 -9999 0.290750441551208 0.895849698483944 1.07949226856232 1.31079903960228 1.1793558382988 0.521750544011593 0.402928949147463 0.621438380777836 0.302962191663682 0.316143154650927 0.249872574210167 1.13681231066585 0.800424548983574 1.0177438801527 0.944687886238098 1.11588615477085 1.02951747000217 0.874837015271187 0.664453573226929 0.203728512972593 0.720265558362007 1.25120419979095 1.25113179326057 1.25040289878845 1.25118595123291 1.30530802369118 1.45748960494995 1.34983289957047 1.26082373738289 1.2608237361908 1.2608237361908 1.31020079016685 1.64361777424812 1.6916878259182 1.65005815505981 2.06658003330231 2.27696192264557 2.34459416627884 2.60537953138351 2.61304418802261 2.59424910545349 2.60728108882904
-9999 -9999 -9999 -9999 -9999 -9999 -9999 -9999 -9999 -9999 -9999 -9999 -9999 -9999 -9999 0.164098654958335 0.151738782152534 0.875149514228105 1.15838085472584 0.947665991187096 0.335502700209618 0.451088571101427 0.573923953175545 0.280799471735954 0.212716280668974 0.23337948679924 0.837259011566639 1.29321888506413 1.10491256833076 1.07130726337433 1.06312351942062 0.821659491658211 0.681734218001366 0.613896701335907 0.307910685837269 0.779641451984644 1.25018505096436 1.25018504858017 1.24932377338409 1.32964078903198 1.37957834243774 1.46553240656853 1.43225115537643 1.40530994653702 1.40438264369965 1.63272724151611 1.65036081314087 1.66801509380341 1.64900254011154 1.64900253772736 1.79977225184441 2.32480262041092 2.28058752298355 2.48779069423676 2.5783723783493 2.53553017854691 2.72109696149826
-9999 -9999 -9999 -9999 -9999 -9999 -9999 -9999 -9999 -9999 -9999 -9999 -9999 -9999 -9999 -9999 0.103570842295885 0.460777684301138 0.682941434383392 1.19530864596367 0.946618729233742 0.675659491419792 0.788859391212463 0.87168010160327 0.630370811223984 0.827220575809479 1.0907587647438 1.0596855455637 1.48370483756065 1.15808970570564 0.95778227865696 0.718750513792038 0.737424812018871 0.569466537833214 0.642654814720154 0.92162925362587 1.24914174199104 1.24914173960686 1.24911396145821 1.41435835719109 1.46561254143715 1.46467612147331 1.46581764698029 1.46581765174866 1.46581764936447 1.79313822984695 1.81768884658813 1.79560318470001 1.6652182662487 2.00382820725441 2.43211552619934 2.41443027496338 2.40352890729904 2.3545072388649 2.3764977645874 2.41770672082901 2.68280108213425
-9999 -9999 -9999 -9999 -9999 -9999 -9999 -9999 -9999 -9999 -9999 -9999 -9999 -9999 -9999 -9999 0.109554054145701 0.406192121356726 0.683248618543148 0.940445600152016 0.826092038750649 0.719159852862358 0.745960273742676 0.904418607950211 0.876372570991516 0.921631118059158 0.937150832414627 1.01956854999065 1.04186017334461 1.24987994849682 0.841989834606647 0.348338030576706 0.375612225234508 0.504147018790245 0.575996392071247 1.02514653980732 1.24807421803474 1.24807421803474 1.24807422280312 1.41906140327454 1.46472504377365 1.46472504734993 1.46472504615784 1.46472504734993 1.46269837379456 1.75913826704025 1.8159256207943 1.81633373379707 1.79989532232285 2.1156357550621 2.38416043281555 2.43361933469772 2.44137315273285 2.666144053936 2.40443490505218 2.37229850053787 2.466923828125
-9999 -9999 -9999 -9999 -9999 -9999 -9999 -9999 -9999 -9999 -9999 -9999 -9999 -9999 -9999 -9999 -9999 0.206879210323095 0.200587505996227 0.696489273160696 1.01805014908314 1.2193812084198 0.904801588654518 0.854962445497513 0.863936606645584 0.944096038937569 0.897541909217834 1.05992927134037 1.47801866173744 1.0662974601984 0.703744034767151 0.488473002910614 0.433571093082428 0.414742978513241 0.462830233573914 1.18973070204258 1.24698231577873 1.24698231339455 1.24698231458664 1.36212287425995 1.4636074411869 1.4636074411869 1.52170872688293 1.55111876368523 1.59918466925621 1.70031917214394 1.59147085219622 1.39661996796727 1.79078126132488 1.81543503522873 2.06232054829597 2.43677684545517 2.40446480751038 2.79278020381927 2.61403310060501 2.38936895132065 2.55567140340805
-9999 -9999 -9999 -9999 -9999 -9999 -9999 -9999 -9999 -9999 -9999 -9999 -9999 -9999 -9999 -9999 -9999 0.148050971291076 0.161838629692793 0.362433344572783 0.85643358707428 1.06572569310665 1.01503993093967 0.721846460700035 0.837218352556229 0.884350296258926 0.91253005027771 1.4094977504015 1.3204252332449 0.954904227256775 0.968211001157761 0.713388279378414 0.502029164135456 0.384527939558029 0.360087249875069 1.05995081067085 1.24586595892906 1.24586596012115 1.24586596131325 1.34805385112762 1.46246472120285 1.46246472358704 1.55019400477409 1.62057514190674 1.66269843161106 1.25375680908561 1.16163339647464 0.720060425910633 1.85325037539005 1.81426971197128 2.03591933250427 2.32792622804642 2.35191415786743 2.39032155513763 2.44286949396133 2.35005610704422 2.71567740917206
-9999 -9999 -9999 -9999 -9999 -9999 -9999 -9999 -9999 -9999 -9999 -9999 -9999 -9999 -9999 -9999 -9999 -9999 0.0887804322503507 0.145588698759675 0.530663680881262 1.06288094937801 1.06007211208344 0.886949869394302 0.80127200961113 0.683974482417107 0.800726920962334 0.934163265824318 1.17394397735596 1.18699520766735 1.40596528589725 1.19991175353527 0.784154114127159 0.588058772683144 0.495498349666595 0.849195717871189 1.07525873780251 1.07617358326912 1.0766834962368 0.785517725721002 0.236877471804619 0.234406490176916 0.591014152094722 1.59821806371212 1.57528469085693 1.58279653072357 1.55399056851864 1.10999036012217 1.8218625664711 1.87432299375534 1.96207226276398 2.43720390558243 2.34909578323364 2.38597540140152 2.31670502185822 2.32800813436508 2.38239029884338
-9999 -9999 -9999 -9999 -9999 -9999 -9999 -9999 -9999 -9999 -9999 -9999 -9999 -9999 -9999 -9999 -9999 -9999 0.0496751366792103 0.104160903841257 0.146827771067619 0.738917962014675 0.956741092205048 0.880895618200302 0.670983799099922 0.671863996386528 0.747463366985321 0.891202462911606 0.896788222789764 0.924571473002434 1.14801294922829 1.28942238092422 1.2415574067831 0.950196552872658 0.801052382588387 0.897514506578445 1.05675474047661 1.05675473928452 1.05675474047661 0.72758171312511 0.101499012932181 0.101499012708664 0.101482857987285 0.858338131681085 1.6078616297245 1.60824012756348 1.60812125563622 1.71427462458611 1.89777243733406 1.89790603518486 1.91999139785767 2.0651601088047 2.15276662230492 2.24179582476616 2.29319114565849 2.22538781881332 2.1170308303833
-9999 -9999 -9999 -9999 -9999 -9999 -9999 -9999 -9999 -9999 -9999 -9999 -9999 -9999 -9999 -9999 -9999 -9999 -9999 0.256425887303448 0.116847404465079 0.676759310662746 0.629961157590151 0.790015209466219 0.708663885891438 1.09396726191044 1.24838148355484 0.765685101151466 0.768157048821449 0.825736159086227 1.05233450710773 0.954818379878998 0.868150037527084 1.11982289671898 1.22090423822403 1.18190712094307 1.05560299158096 1.05560298681259 1.05560299038887 0.733776750937104 0.101215822920203 0.101236157566309 0.101236157342792 0.111927847638726 1.16052576608956 1.61322280406952 1.75968844413757 1.89364124178886 1.89665932893753 1.89665932893753 1.93712574601173 2.11693217992783 2.00466029167175 1.98148178458214 1.87416305869818 1.89355073288083 2.04705518484116
-9999 -9999 -9999 -9999 -9999 -9999 -9999 -9999 -9999 -9999 -9999 -9999 -9999 -9999 -9999 -9999 -9999 -9999 -9999 -9999 0.137318140678108 0.266512451581657 0.275589349865913 0.88272140160203 0.747652092576027 0.925791592597961 1.37954965293407 0.753750038743019 0.747553552389145 0.897123814225197 1.11407163143158 0.973394196629524 0.968207455873489 1.06154184639454 1.05442718744278 1.05442717671394 1.05442717790604 1.05442717909813 1.05437556028366 0.738955112025142 0.10096836656332 0.10096836656332 0.100968366637826 0.100968366712332 0.192574283033609 1.57702299192548 1.89538630008698 1.89538630127907 1.89538630127907 1.8952815592289 1.89543733596802 1.90132135868073 1.75491841569543 1.23945705860853 0.92843272536993 0.910906132087111 0.968114062547684
-9999 -9999 -9999 -9999 -9999 -9999 -9999 -9999 -9999 -9999 -9999 -9999 -9999 -9999 -9999 -9999 -9999 -9999 -9999 -9999 0.409909634813666 0.0951799250394106 0.193262490257621 0.372910570800304 0.540670308768749 0.745605377554894 1.12321369946003 0.873637959063053 0.661320371031761 0.731618250012398 1.01566213965416 1.14720522880554 0.928681592941284 1.0374857634306 1.05322717189789 1.05322717189789 1.05322717189789 1.0532271707058 1.05322717428207 0.743363688215613 0.100695641264319 0.100695642009377 0.100695641562343 0.100695642232895 0.100695641934872 0.396527268439531 1.94589851409197 1.95754186153412 2.03291325926781 2.05284603834152 1.99629979372025 1.83829838842154 1.11324556872249 1.27016162514687 1.57446820110083 1.33442027330399 1.54240472853184
-9999 -9999 -9999 -9999 -9999 -9999 -9999 -9999 -9999 -9999 -9999 -9999 -9999 -9999 -9999 -9999 -9999 -9999 -9999 -9999 0.161283702403307 0.11658263117075 0.127257340252399 0.27689093619585 0.583158232271671 0.860074381530285 1.07044724345207 0.656509338319302 0.7101256108284 0.751242254376411 0.858589413762093 1.09178465008736 1.41489203453064 1.03127927601337 0.994648228287697 0.993761894106865 0.99521047949791 0.995657966136932 0.995848118662834 0.801416073441505 0.552589404284954 0.63806290641427 0.439321439755573 0.0935106678852733 0.559460823030509 1.03353010609746 2.4485123705864 2.14230577707291 2.10898251533508 2.10880828380585 1.79487717702985 1.18525432944298 1.54604648226872 1.37998050630093 2.4544380569458 1.84900844335556 1.93176213204861
-9999 -9999 -9999 -9999 -9999 -9999 -9999 -9999 -9999 -9999 -9999 -9999 -9999 -9999 -9999 -9999 -9999 -9999 -9999 -9999 0.0933324100077152 0.0999599131196737 0.122742821499705 0.3782261505723 0.76303715094924 0.984986212849617 0.930907815992832 0.542038566470146 0.762245450913906 0.682004987895489 0.800716556310654 1.27096222102642 1.28996632814407 0.951244922876358 0.885546333193779 0.887312181591988 0.886142074465752 0.886780842542648 0.887265911102295 0.887312182784081 1.29488007485867 1.51875643134117 1.43329666968849 1.35145031901506 1.51936855435371 1.92346241235733 2.56727887630463 2.38516923904419 2.14054229736328 1.85653475090861 1.04494302138686 1.29285310447216 1.1927526367738 1.6619775358215 2.68805196706482 2.65627919077873 2.17465957522392
-9999 -9999 -9999 -9999 -9999 -9999 -9999 -9999 -9999 -9999 -9999 -9999 -9999 -9999 -9999 -9999 -9999 -9999 -9999 -9999 0.0815563531219959 0.0815563526749611 0.0931951197981834 0.373643539324403 0.796106968522072 0.72927203476429 0.829418559670448 0.897366738319397 0.790822960734367 0.709274522662163 0.677408119440079 0.603373639285564 0.641420077085495 0.731833139052615 0.88606384575367 0.886095725893974 0.886015906333923 0.883470503687859 0.886007671952248 0.885827198624611 1.11151174128056 1.36790358901024 1.48168038368225 1.51807373285294 1.51817581534386 1.75943737745285 2.55668601512909 2.39133650779724 2.25684334278107 1.84329695284367 0.934367063641548 1.08935275435448 1.36962931275368 1.37314491987228 2.30586791813374 2.0611745017767 2.17966195166111
-9999 -9999 -9999 -9999 -9999 -9999 -9999 -9999 -9999 -9999 -9999 -9999 -9999 -9999 -9999 -9999 -9999 -9999 -9999 -9999 0.0943554477869636 0.109868405014276 0.133740290105343 0.556674900650978 0.461090834438801 0.567377746999264 0.5658621519804 0.623462065458298 0.848261321783066 0.820146644711494 0.507952471375465 0.550022754371166 0.51827242910862 0.0594741192646325 0.189880293449387 0.534835224431008 0.838907463084906 0.884855811595917 0.884855812191963 0.884765841960907 1.01943687200546 1.11687077641487 1.11920953392982 1.19889930605888 1.34342245578766 1.59631014585495 1.87363042593002 2.65804805994034 1.89620998203754 1.04430721998215 1.43348105311394 1.02266291524749 1.5316362208128 1.53416221261024 1.4887957328558 2.20164304554462 2.74391886856407
-9999 -9999 -9999 -9999 -9999 -9999 -9999 -9999 -9999 -9999 -9999 -9999 -9999 -9999 -9999 -9999 -9999 -9999 -9999 -9999 0.237274891809128 0.251538569927216 0.289779545143247 0.42600506901741 0.39596657037735 0.693731415271759 0.823329890966415 0.869651764333248 0.837182540595531 0.618800168037415 0.548229208290577 0.47930409014225 0.43703110396862 0.16151138626039 0.0132283719442785 0.00918435317464173 0.0499382377509028 0.320877952761948 0.857944405451417 1.0727824306488 1.12892771840096 1.17403640627861 1.17398995876312 1.12587917566299 1.29754419803619 2.04224935531616 2.67290676832199 1.79251400649548 1.19480291195214 1.52522114865482 1.69618782987818 1.42430287480354 1.94282973766327 2.05712707400322 2.17381583273411 2.25161385774612 2.92564624667168
