All_rasters_2/Precipitation.asc
NCOLS 176 
NROWS 173 
XLLCORNER -17.5416666666687 
YLLCORNER -34.7083333333343 
CELLSIZE 0.41666666666667 
NODATA_value -9999 
[rows 75 to 99 of 173, columns 114 to 170 of 176]
3.76469999551773 3.56320800304413 3.38399999856949 3.27301195383072 3.21760798692703 3.17534404039383 3.13142403364182 3.06810000419617 2.98011599302292 2.90793600320816 3.01463999986649 3.3888959980011 3.78655199050903 3.59989199399948 2.97432000637054 3.87640801668167 4.40639998197556 3.95643601179123 3.08088001012802 3.66678000211716 4.67085599660873 3.7079639840126 3.12058799982071 2.68646399736404 2.36962800383568 2.02319999814034 1.66168800592422 1.45004399895668 1.35640798926353 1.46030400633812 1.21121997594833 1.16038797616959 1.16528395533562 1.24883999824524 1.20103197336197 1.11805200457573 1.07323202252388 0.930743997693062 0.815256004333496 0.723851999640465 0.648576002120972 0.595511982440948 0.57013199031353 0.567395998239517 0.592307988405228 0.612133321938691 -9999 -9999 -9999 -9999 -9999 -9999 -9999 -9999 -9999 -9999 -9999
4.09895998954773 3.82215600728989 3.57263999223709 3.3706439948082 3.23769596815109 3.14859603404999 3.04257599830627 2.89717200040817 2.70799200057983 2.53245599985123 2.43773999929428 2.76732000112534 2.90358000278473 2.54923199176788 2.36455200910568 2.74255200624466 2.71565999388695 2.7688320016861 2.27404800176621 2.81397601127625 2.41297201633453 2.57119199872017 2.51549999833107 2.55877200961113 2.2885919880867 1.84154399394989 1.52557200074196 1.3130999994278 1.13900399565697 1.22176800012589 1.29974400520325 1.26644399285316 1.25927999019623 1.14343200564384 1.03154401421547 0.988704009056091 1.01520001888275 0.938051996827126 0.821304005980492 0.733751995563507 0.668160009384155 0.629315994977951 0.60530398607254 0.630287992358208 0.640636362812736 -9999 -9999 -9999 -9999 -9999 -9999 -9999 -9999 -9999 -9999 -9999 -9999
4.52005198001862 4.13557199239731 3.77204400539398 3.43497600078583 3.25951195240021 3.18646801233292 3.04189198732376 2.7990360045433 2.52291600227356 2.26224000692368 2.06215201497078 2.00447999477386 1.94302799105644 1.92664799332619 1.73753999710083 2.19542401075363 2.06477999925613 2.03601599574089 1.57680000066757 2.08890000700951 1.96059599995613 1.94281200051308 1.879019998312 2.36516399860382 1.95321599721909 1.80507600188255 1.49795999884605 1.14004800081253 1.04407202363014 1.05775202989578 1.18659598708153 1.23883198261261 1.20491997003555 1.12769999861717 0.989784009456634 0.910943983197212 0.946295993328094 0.979884005784988 0.847872003316879 0.751643986105919 0.694872017502785 0.673920011520386 0.684108006358147 0.736126528710735 -9999 -9999 -9999 -9999 -9999 -9999 -9999 -9999 -9999 -9999 -9999 -9999 -9999
4.92339600086212 4.47771600246429 4.10543999671936 3.63412800073624 3.53314800262451 3.42691200017929 3.27855600833893 2.88298799276352 2.45584799766541 2.08180801153183 1.77152400135994 1.5914159989357 1.68227999925613 1.61427599787712 1.35658800125122 1.53435599923134 1.38344399809837 1.79780399918556 1.55372398734093 1.86328800082207 1.97423999786377 1.91660399317741 1.69865999817848 1.72029599428177 1.59735600113869 1.309535998106 1.26014398932457 1.11023999810219 0.951227995157242 1.00062001347542 1.13770799279213 1.23217198014259 1.26082799077034 1.27371599555016 1.13050799846649 1.01664001941681 0.988452008962631 1.02283202171326 0.905580003261566 0.79585199713707 0.743147988319397 0.763379997014999 0.812772002220154 0.760463993549347 -9999 -9999 -9999 -9999 -9999 -9999 -9999 -9999 -9999 -9999 -9999 -9999 -9999
5.25041999340057 4.78839600563049 4.39552800178528 3.88796400785446 3.85210799694061 4.00287600517273 3.90636001110077 3.23006401777267 2.80234799861908 2.15596800327301 1.6114679980278 1.34694001078606 1.23573598861694 1.27461599826813 1.05408000349998 1.12208400845528 1.26593998551369 1.40720400452614 1.50605999708176 2.00437199950218 2.10340801239014 2.10527999997139 1.90339199662209 1.55347200512886 1.40464800357819 1.15311599493027 1.01271601259708 1.01793599843979 0.908567980527878 0.941471991539002 1.096343998909 1.31209200143814 1.39215601921082 1.30042800545692 1.23699598193169 1.16866798996925 1.08140402674675 1.06884003520012 1.01127601385117 0.898307998180389 0.849204003214836 0.891215994358063 0.826022541019279 -9999 -9999 -9999 -9999 -9999 -9999 -9999 -9999 -9999 -9999 -9999 -9999 -9999 -9999
5.49593997955322 5.33393999576569 4.61102401733398 4.25163600206375 4.13593199253082 4.19486402511597 4.43124001264572 3.71998799562454 2.74733999729157 2.50495200157166 1.81818000555038 1.23901198267937 1.0884240090847 0.96156000494957 0.801647997498512 0.900756005644798 1.02416401386261 1.07506800293922 1.42286399841309 1.83509999871254 2.30565600037575 2.3857919883728 2.05275600552559 1.49630400896072 1.18321196198463 1.12615199565887 0.989964013695717 0.945432002544403 0.932363998293877 0.9614159989357 1.0851120018959 1.40140800237656 1.55577598333359 1.53928800821304 1.44766800045967 1.36123201012611 1.25344798922539 1.17521997570992 1.1468879878521 1.04144402265549 0.993312010765076 0.914489994198084 -9999 -9999 -9999 -9999 -9999 -9999 -9999 -9999 -9999 -9999 -9999 -9999 -9999 -9999 -9999
5.56275599002838 5.39895600795746 4.82669996738434 4.21577998161316 4.20519600629807 4.35754798173904 4.43167198657989 3.79943999528885 3.41038799285889 2.89367999315262 2.33236800789833 1.3638599896431 1.00026000618935 0.762587999105453 0.670644009709358 0.787860000133514 0.792540004253387 0.858960004448891 1.65405600070953 1.86188399076462 2.13260400772095 2.12864399552345 1.94561999678612 1.54857600331306 1.18400397181511 1.13810399413109 1.1353319978714 1.10347200870514 1.1602079975605 1.09929600715637 1.23073199868202 1.55462399959564 1.80745199918747 1.87531198978424 1.76003999471664 1.60783200025558 1.43679600358009 1.34103601813316 1.29808800458908 1.22417997717857 1.07137676865556 -9999 -9999 -9999 -9999 -9999 -9999 -9999 -9999 -9999 -9999 -9999 -9999 -9999 -9999 -9999 -9999
5.43747602462769 5.23904396057129 4.69918798923492 4.15573197841644 4.73947199344635 5.05306797981262 4.82180399417877 4.37533197641373 3.93138001203537 3.08771999835968 2.41088400244713 1.88233200192451 1.13274000108242 0.699804005622864 0.65077200293541 0.681408002376556 0.846900000572205 0.934343997836113 1.23872400641441 1.62590400338173 1.84629599094391 1.72022400259972 1.47301200270653 1.34596801161766 1.19689196705818 1.15966795802116 1.16276395916939 1.2248999774456 1.3798800110817 1.34215201497078 1.49220000267029 1.78257599592209 1.99512000322342 1.9608840072155 1.90241999030113 1.79661598920822 1.65733200550079 1.54943998932838 1.48406399965286 1.29521379662656 -9999 -9999 -9999 -9999 -9999 -9999 -9999 -9999 -9999 -9999 -9999 -9999 -9999 -9999 -9999 -9999 -9999
5.3289359998703 5.12424000263214 4.4991720032692 3.73503599405289 4.50964802742004 5.02052399158478 4.87414799213409 4.49971200466156 4.09251599311829 3.47450400590897 2.71447200298309 2.5324199950695 1.35784799873829 0.944208006262779 0.808380000591278 0.829511996507645 1.1219039952755 1.07704800724983 1.28800799369812 1.82836800098419 1.61719200253487 1.46703600168228 1.26921599388123 1.20632397055626 1.2385439825058 1.21636797428131 1.28332799911499 1.35381600856781 1.5201719725132 1.55077197909355 1.72180800080299 1.89291598677635 1.95930001139641 1.97226001143455 1.92261599779129 1.91213999390602 1.86001197934151 1.77847199678421 1.55812234738294 -9999 -9999 -9999 -9999 -9999 -9999 -9999 -9999 -9999 -9999 -9999 -9999 -9999 -9999 -9999 -9999 -9999 -9999
5.07106798171997 5.06318400382996 4.54791600704193 3.642047996521 4.39322400093079 4.58211597919464 4.7559600019455 4.75790402889252 4.51861199855804 3.97090800046921 3.3085799908638 2.80735200881958 2.23956001400948 1.39913999915123 1.08115200221539 1.03550400793552 1.61107199788094 1.3058279979229 1.56369600296021 1.8113040137291 1.39298400878906 1.30604400753975 1.20905997157097 1.15527595162392 1.23764398217201 1.25319598793983 1.30618800759315 1.39611602783203 1.55573998093605 1.63004400849342 1.82152797818184 1.88758798480034 1.90490399122238 1.85209197878838 1.77026399970055 1.78840799212456 1.81186528473484 1.72389474249723 -9999 -9999 -9999 -9999 -9999 -9999 -9999 -9999 -9999 -9999 -9999 -9999 -9999 -9999 -9999 -9999 -9999 -9999 -9999
4.72651200294495 4.65721197605133 3.3699599981308 4.11361200809479 4.52764800548553 4.45928400993347 4.68406798839569 4.75585199356079 4.75106399536133 4.23233999490738 3.99870000362396 3.67106398582458 2.81041200041771 2.08512000322342 1.45180799484253 1.19386799573898 1.89529199957848 1.74491999864578 1.45893601059914 1.38535201668739 1.27357199549675 1.21157997250557 1.13450398564339 1.11081601858139 1.16596796751022 1.23134397983551 1.33095601677895 1.44345600485802 1.63360800981522 1.72342803120613 1.83484796643257 1.88600398421288 1.87246797919273 1.76378399968147 1.56225599527359 1.51646197681696 -9999 -9999 -9999 -9999 -9999 -9999 -9999 -9999 -9999 -9999 -9999 -9999 -9999 -9999 -9999 -9999 -9999 -9999 -9999 -9999 -9999
4.60299599170685 3.50532001972198 4.29411600351334 4.67640001296997 4.35967197418213 4.5211679983139 4.42130398273468 4.53538797855377 4.71978002071381 4.56631200790405 4.91831996917725 4.49074800491333 3.69957601308823 3.0676319873333 2.02766399264336 1.76418000340462 2.03853599905968 2.08209600567818 1.62961199641228 1.47214800477028 1.2248999774456 1.10304001927376 1.06174803137779 1.05300003290176 1.11430800914764 1.21442397356033 1.34600402235985 1.49702397942543 1.67173202157021 1.81414797306061 1.87801198124886 1.87451997995377 1.86742797732353 1.75330800056458 1.51109998424848 -9999 -9999 -9999 -9999 -9999 -9999 -9999 -9999 -9999 -9999 -9999 -9999 -9999 -9999 -9999 -9999 -9999 -9999 -9999 -9999 -9999 -9999
4.25941199064255 4.37266800165176 4.49024400234222 4.30048799991608 4.20577198982239 4.38570000648498 4.49056801319122 4.57261198997498 4.67132399082184 4.47724800109863 5.42419198989868 5.31853201389313 3.94020001649857 3.50715601205826 2.32020000696182 2.15301601052284 2.23376400351524 2.53983599662781 1.87596000790596 1.6208640062809 1.30604399561882 1.0974600148201 0.995832011699677 1.0263600230217 1.10811601042747 1.21737597465515 1.35536402583122 1.52416797399521 1.73278800845146 1.91440799355507 1.96340400218964 1.85234397172928 1.76708041269755 -9999 -9999 -9999 -9999 -9999 -9999 -9999 -9999 -9999 -9999 -9999 -9999 -9999 -9999 -9999 -9999 -9999 -9999 -9999 -9999 -9999 -9999 -9999 -9999
4.99518001079559 4.36413599014282 4.01814000844955 3.73978800058365 3.83018399477005 4.42432799816132 4.68140399932861 4.76676000595093 4.81276802062988 5.09616000652313 5.90713199138641 6.14268000602722 4.37036400556564 3.89768398761749 2.79482400417328 2.5565399992466 2.35857599854469 2.69798400044441 2.47096800327301 2.99534400105476 1.56466799616814 1.21618799448013 1.03467602491379 1.0414800286293 1.14526799559593 1.22662797808647 1.35388802528381 1.51131597757339 1.72281600594521 1.94129998683929 2.04289199352264 1.7877446742768 -9999 -9999 -9999 -9999 -9999 -9999 -9999 -9999 -9999 -9999 -9999 -9999 -9999 -9999 -9999 -9999 -9999 -9999 -9999 -9999 -9999 -9999 -9999 -9999 -9999
3.62991598129272 3.71840399980545 3.16011600494385 3.18045598745346 3.86143198251724 5.05209599018097 5.5875599861145 5.47444800376892 4.93027200698853 4.01104800224304 5.49961199760437 6.24628799915314 5.31604801654816 4.42623601436615 3.43947599887848 3.17235599279404 2.6596079993248 3.72981599807739 5.16905999898911 2.78654400587082 1.50811199784279 1.25524799346924 1.16704797625542 1.16459998369217 1.20200397014618 1.27713599681854 1.35871202707291 1.44460800647736 1.55001597881317 1.65671999812126 1.77438749621312 -9999 -9999 -9999 -9999 -9999 -9999 -9999 -9999 -9999 -9999 -9999 -9999 -9999 -9999 -9999 -9999 -9999 -9999 -9999 -9999 -9999 -9999 -9999 -9999 -9999 -9999
4.11584398984909 3.56781600236893 2.97629998922348 3.2115239906311 4.73054401874542 6.88712401866913 6.84781200408936 -9999 -9999 3.62354399204254 3.96165599584579 4.6717560005188 5.54414400577545 4.61714397907257 3.44408399581909 3.68258400440216 4.42846799135208 5.53248000860214 4.75271999359131 2.3392079949379 1.89489600300789 1.4949719953537 1.3193639922142 1.32148801326752 1.31911201238632 1.35489602565765 1.38207603573799 1.41274804711342 1.43323203682899 1.42054547805979 -9999 -9999 -9999 -9999 -9999 -9999 -9999 -9999 -9999 -9999 -9999 -9999 -9999 -9999 -9999 -9999 -9999 -9999 -9999 -9999 -9999 -9999 -9999 -9999 -9999 -9999 -9999
3.99153601408005 3.67829998731613 3.23557199954987 3.61213201761246 5.46912001132965 -9999 -9999 -9999 -9999 -9999 4.71268798351288 6.08565600395203 5.22457201004028 4.03437599658966 3.27920399665833 3.1064040017128 6.00058798551559 3.79263600111008 2.89285199642181 2.71303200006485 2.34817200183868 1.90130400300026 1.59357599377632 1.46390399456024 1.44651600003242 1.46066399693489 1.48435198545456 1.49043597579002 1.48399198174477 -9999 -9999 -9999 -9999 -9999 -9999 -9999 -9999 -9999 -9999 -9999 -9999 -9999 -9999 -9999 -9999 -9999 -9999 -9999 -9999 -9999 -9999 -9999 -9999 -9999 -9999 -9999 -9999
3.45391200065613 3.34756798505783 3.59737201452255 4.50431998252869 6.56600399017334 -9999 -9999 -9999 -9999 3.58005601167679 4.66225198507309 5.04680399417877 4.1735880112648 3.31829998731613 2.70723598480225 2.86531199932098 3.6614519906044 2.99890799760818 2.74658398866653 3.13405200004578 2.73585600852966 2.17220399737358 1.80035999774933 1.62133200407028 1.58302799105644 1.65387600421906 1.70884800195694 1.69621200799942 1.66916572196143 -9999 -9999 -9999 -9999 -9999 -9999 -9999 -9999 -9999 -9999 -9999 -9999 -9999 -9999 -9999 -9999 -9999 -9999 -9999 -9999 -9999 -9999 -9999 -9999 -9999 -9999 -9999 -9999
3.55399200677872 3.3579360127449 3.72261601209641 4.78180798530579 6.41833200454712 -9999 -9999 -9999 3.94131599664688 3.59434798955917 3.87417598485947 4.06497601270676 3.52256400108337 3.21649199485779 2.56197599887848 2.13415199995041 2.24564399600029 2.84457599520683 3.02436001300812 2.79338399171829 2.45257198572159 2.22919199466705 2.01304798960686 1.85421599507332 1.87822800993919 2.08058398842812 2.15456399798393 2.03645275713323 -9999 -9999 -9999 -9999 -9999 -9999 -9999 -9999 -9999 -9999 -9999 -9999 -9999 -9999 -9999 -9999 -9999 -9999 -9999 -9999 -9999 -9999 -9999 -9999 -9999 -9999 -9999 -9999 -9999
3.42579599380493 3.23186397790909 3.56680800914764 4.51396800756454 5.03884800434113 -9999 -9999 4.94089198589325 3.78547199964523 3.47403600215912 3.41755200624466 3.39854400396347 3.21134398698807 3.07421998739243 2.10034800767899 1.82325600147247 1.84816799163818 2.46477600932121 2.63887199163437 2.28056401014328 2.30014796733856 2.29327198982239 2.20003201007843 2.17558799505234 2.42668799877167 2.85627599716187 2.76934737489935 -9999 -9999 -9999 -9999 -9999 -9999 -9999 -9999 -9999 -9999 -9999 -9999 -9999 -9999 -9999 -9999 -9999 -9999 -9999 -9999 -9999 -9999 -9999 -9999 -9999 -9999 -9999 -9999 -9999 -9999
3.48829199790955 3.20176801681519 3.44062797784805 3.97429198503494 4.1379120016098 4.08466800451279 4.08664801836014 3.81913199424744 3.56396400213242 3.3231239938736 3.16058403253555 3.05182799100876 2.83078799724579 2.39425199151039 1.74473999857903 2.07320400118828 2.13001199841499 2.29294800043106 2.48407201051712 2.28895199298859 2.55679200649261 2.5368480014801 2.41520399570465 2.45311200380325 2.81966250141462 3.63400001374502 -9999 -9999 -9999 -9999 -9999 -9999 -9999 -9999 -9999 -9999 -9999 -9999 -9999 -9999 -9999 -9999 -9999 -9999 -9999 -9999 -9999 -9999 -9999 -9999 -9999 -9999 -9999 -9999 -9999 -9999 -9999
3.91557600736618 3.4221239900589 3.35934000015259 3.53944800615311 3.51766801834106 3.65576399087906 3.54502799749374 3.29382000684738 3.16198799848557 3.1299839925766 3.14251201868057 3.1196519947052 2.49958799600601 2.49753600120544 2.30583600282669 2.25543600201607 2.26699200630188 3.3276239824295 3.02403599739075 2.4597359919548 3.20198399305344 2.77725599050522 2.48799602985382 2.68207200527191 3.01196063932825 -9999 -9999 -9999 -9999 -9999 -9999 -9999 -9999 -9999 -9999 -9999 -9999 -9999 -9999 -9999 -9999 -9999 -9999 -9999 -9999 -9999 -9999 -9999 -9999 -9999 -9999 -9999 -9999 -9999 -9999 -9999 -9999
4.1809679889679 3.94707599401474 3.53984400749207 3.52393201112747 3.65090400218964 3.48803998708725 3.2982479763031 3.06338402032852 2.81761199474335 2.94785998821259 2.99048399209976 3.15658802270889 2.90656800746918 3.30717599391937 2.53925999522209 3.06752400279045 3.68413199186325 4.20037199258804 3.27146399497986 2.5007399892807 2.94289199829102 2.44580399751663 2.50592401742935 3.01697999715805 -9999 -9999 -9999 -9999 -9999 -9999 -9999 -9999 -9999 -9999 -9999 -9999 -9999 -9999 -9999 -9999 -9999 -9999 -9999 -9999 -9999 -9999 -9999 -9999 -9999 -9999 -9999 -9999 -9999 -9999 -9999 -9999 -9999
4.38058802127838 4.15940399885178 3.74738399505615 3.47817603588104 3.3277680015564 3.16339200019836 3.29446799278259 3.33842400550842 2.96557200431824 2.77473601579666 2.67019199371338 2.65298400402069 2.56312800168991 3.17174399852753 2.47820401906967 2.92643999099731 2.5432559967041 2.44368000268936 2.32779601216316 2.37463200092316 2.52122399926186 2.27077199578285 2.74798800945282 3.67328571592058 -9999 -9999 -9999 -9999 -9999 -9999 -9999 -9999 -9999 -9999 -9999 -9999 -9999 -9999 -9999 -9999 -9999 -9999 -9999 -9999 -9999 -9999 -9999 -9999 -9999 -9999 -9999 -9999 -9999 -9999 -9999 -9999 -9999
4.3024679851532 4.01302799463272 3.74396400690079 3.4124400138855 3.20227199792862 3.07242000579834 3.22502401351929 3.17149199485779 2.94260399580002 2.69816397428513 2.61010801553726 2.54667599916458 2.7358199930191 3.12753599405289 2.70705598115921 2.66108399629593 2.32585198640823 2.36300397872925 2.50325999259949 2.70313199520111 2.67123599290848 2.62126799583435 3.28438800811768 -9999 -9999 -9999 -9999 -9999 -9999 -9999 -9999 -9999 -9999 -9999 -9999 -9999 -9999 -9999 -9999 -9999 -9999 -9999 -9999 -9999 -9999 -9999 -9999 -9999 -9999 -9999 -9999 -9999 -9999 -9999 -9999 -9999 -9999
