All_rasters_2/Precipitation.asc
NCOLS 176 
NROWS 173 
XLLCORNER -17.5416666666687 
YLLCORNER -34.7083333333343 
CELLSIZE 0.41666666666667 
NODATA_value -9999 
[rows 50 to 74 of 173, columns 114 to 170 of 176]
0.331452003419399 0.331595999002457 0.334728001356125 0.307727996408939 0.286416001021862 0.305999997258186 0.333108000159264 0.399563999474049 0.481284002959728 0.522072002291679 0.527040002346039 0.516708005666733 0.502776007652283 0.495000004768372 0.526176009774208 0.575135999321938 0.667079999446869 0.630683999061584 0.85219200193882 1.12769999861717 1.34568000197411 1.10780816479605 -9999 -9999 -9999 -9999 -9999 -9999 -9999 -9999 -9999 -9999 -9999 -9999 -9999 -9999 -9999 -9999 -9999 -9999 -9999 -9999 -9999 -9999 -9999 -9999 -9999 -9999 -9999 -9999 -9999 -9999 -9999 -9999 -9999 -9999 -9999
0.392723997533321 0.407448000907898 0.404532000720501 0.368063998818398 0.345996001362801 0.361116001605988 0.400716000795364 0.519876004755497 0.638496001362801 0.697031999230385 0.691595999002457 0.660167996287346 0.629603998661041 0.614628002643585 0.662723996639252 0.730296000242233 0.853703997731209 0.84535199701786 0.913212000727654 1.38128400206566 1.54965599894524 1.63101600170136 -9999 -9999 -9999 -9999 -9999 -9999 -9999 -9999 -9999 -9999 -9999 -9999 -9999 -9999 -9999 -9999 -9999 -9999 -9999 -9999 -9999 -9999 -9999 -9999 -9999 -9999 -9999 -9999 -9999 -9999 -9999 -9999 -9999 -9999 -9999
0.4719240000844 0.483840001225471 0.477216002345085 0.440100000202656 0.43264799952507 0.460656002759933 0.54302400290966 0.632196000814438 0.729251998066902 0.824184002280235 0.864792000055313 0.869256000518799 0.850031996369362 0.843947995901108 0.901404004693031 0.967968009114265 1.20762000322342 1.28718000411987 1.21143601059914 1.31313600540161 1.84424400925636 2.07860400080681 1.45309787798435 -9999 -9999 -9999 -9999 -9999 -9999 -9999 -9999 -9999 -9999 -9999 -9999 -9999 -9999 -9999 -9999 -9999 -9999 -9999 -9999 -9999 -9999 -9999 -9999 -9999 -9999 -9999 -9999 -9999 -9999 -9999 -9999 -9999 -9999
0.563544000387192 0.570635995864868 0.550368006229401 0.534348011016846 0.533412002325058 0.552960004210472 0.664091999530792 0.735588000416756 0.82202399790287 0.962784005999565 1.05235201358795 1.12190400123596 1.15577999949455 1.19181600689888 1.28890799760818 1.35471599578857 1.54800000548363 1.73224799156189 1.90691999316216 1.93122000694275 2.18876398801804 2.13494399428368 2.23505999088287 1.4209043448386 0.945257148099324 -9999 -9999 -9999 -9999 -9999 -9999 -9999 -9999 -9999 -9999 -9999 -9999 -9999 -9999 -9999 -9999 -9999 -9999 -9999 -9999 -9999 -9999 -9999 -9999 -9999 -9999 -9999 -9999 -9999 -9999 -9999 -9999
0.645048000812531 0.636191997528076 0.624635993242264 0.629387995004654 0.651744000315666 0.680363995432854 0.787103999257088 0.939060007929802 1.0724759966135 1.18853999137878 1.29178800106049 1.38549600601196 1.48237200021744 1.55044799804688 1.6539840054512 1.77454799771309 2.03724001169205 2.21486400723457 2.30770800113678 2.43522001266479 2.43615599870682 2.38471199035645 2.19600000739098 2.23743600130081 0.950039995312691 0.856072344678514 -9999 -9999 -9999 -9999 -9999 -9999 -9999 -9999 -9999 -9999 -9999 -9999 -9999 -9999 -9999 -9999 -9999 -9999 -9999 -9999 -9999 -9999 -9999 -9999 -9999 -9999 -9999 -9999 -9999 -9999 -9999
0.736343998908997 0.727847997546196 0.72604799926281 0.741851994991302 0.772451994419098 0.818784003853798 0.90604799747467 1.05390001773834 1.23278398036957 1.40540400743485 1.54864799261093 1.6726320040226 1.79348399758339 1.87973999381065 1.91977198839188 2.13213600993156 2.32920000314713 2.48140799283981 2.51812801122665 2.81919599294662 2.69301598548889 2.35612799406052 2.15344800710678 2.34957600355148 1.20254399418831 0.807300002574921 1.05789600193501 -9999 -9999 -9999 -9999 -9999 -9999 -9999 -9999 -9999 -9999 -9999 -9999 -9999 -9999 -9999 -9999 -9999 -9999 -9999 -9999 -9999 -9999 -9999 -9999 -9999 -9999 -9999 -9999 -9999 -9999
0.854496003985405 0.838332003951073 0.851400001049042 0.871668000221252 0.906443999409676 0.949499999284744 1.02052802085876 1.15387198925018 1.35640799760818 1.6158960044384 1.80395999908447 1.98953998923302 2.12126400232315 2.24647199630737 2.2848840045929 2.43000000238419 2.64124799013138 3.03512400865555 2.65870800018311 2.81721600294113 2.72080799341202 2.46463200092316 2.27764799356461 2.16061201572418 1.22137199640274 0.732384001016617 0.873035997152328 0.780336005091667 -9999 -9999 -9999 -9999 -9999 -9999 -9999 -9999 -9999 -9999 -9999 -9999 -9999 -9999 -9999 -9999 -9999 -9999 -9999 -9999 -9999 -9999 -9999 -9999 -9999 -9999 -9999 -9999 -9999
1.03305601477623 1.01109601736069 1.01707201957703 1.03251602530479 1.04947203159332 1.07370002388954 1.14357599616051 1.28311199903488 1.50235199689865 1.74538800597191 2.00134799838066 2.23052400588989 2.3963759970665 2.51888401031494 2.69809198617935 2.80382400751114 2.87225999355316 3.22592399597168 3.1106160068512 3.09567599534988 2.91805200815201 2.44151999473572 2.19491999030113 2.01657600045204 1.36036799669266 0.743904000520706 0.590184003710747 0.738396002054215 0.790020000040531 -9999 -9999 -9999 -9999 -9999 -9999 -9999 -9999 -9999 -9999 -9999 -9999 -9999 -9999 -9999 -9999 -9999 -9999 -9999 -9999 -9999 -9999 -9999 -9999 -9999 -9999 -9999 -9999
1.29909600257874 1.27040399432182 1.22972398519516 1.24444798707962 1.24671598553658 1.23577198147774 1.26964799404144 1.37426401853561 1.60145999789238 1.84809599280357 2.17288799762726 2.39529599666595 2.59257599592209 2.78218799591064 3.0725280046463 3.26134799480438 3.32121601581573 3.33511200428009 3.45142800569534 3.32787599563599 2.86488000631332 2.44580399513245 2.29935599446297 2.14639199018478 1.49148000001907 0.946476002335548 0.592488003075123 0.508608001470566 0.527508000433445 0.480872728908905 -9999 -9999 -9999 -9999 -9999 -9999 -9999 -9999 -9999 -9999 -9999 -9999 -9999 -9999 -9999 -9999 -9999 -9999 -9999 -9999 -9999 -9999 -9999 -9999 -9999 -9999 -9999
1.6009199988842 1.60491600036621 1.55037601113319 1.56740400791168 1.5522839987278 1.40904000997543 1.31360401034355 1.45490400314331 1.73732400178909 1.99004399657249 2.24892000198364 2.54843999862671 2.82913199663162 3.09409199714661 3.38533201217651 3.58293599843979 3.80840400457382 4.00658400774002 3.89991600751877 3.14546400308609 2.82031200647354 2.75770799875259 2.72984400987625 2.50887600064278 1.43056801199913 1.06999200344086 0.838691999912262 0.623484000563622 0.555084001719952 0.64551599830389 0.448200000822544 0.301394119858742 -9999 -9999 -9999 -9999 -9999 -9999 -9999 -9999 -9999 -9999 -9999 -9999 -9999 -9999 -9999 -9999 -9999 -9999 -9999 -9999 -9999 -9999 -9999 -9999 -9999
1.95919198513031 1.92718798518181 2.0685599899292 1.96333198547363 1.77811200022697 1.60261199831963 1.52078399419785 1.62878400206566 1.88953199386597 2.14880400896072 2.37455998897553 2.72743200778961 3.10125601291656 3.50316000699997 4.02307198762894 4.28565599918366 4.4861760187149 4.16411999702454 3.99243598937988 3.72186000585556 3.08681999206543 3.0064679980278 3.1161600112915 2.6661600112915 1.68591599941254 1.20182400345802 0.862092001438141 0.701028000712395 0.631044001579285 0.580392004549503 0.801900002360344 0.529776000976563 -9999 -9999 -9999 -9999 -9999 -9999 -9999 -9999 -9999 -9999 -9999 -9999 -9999 -9999 -9999 -9999 -9999 -9999 -9999 -9999 -9999 -9999 -9999 -9999 -9999
2.32797600030899 2.31930000066757 2.38262399435043 2.26310400009155 1.97413200259209 1.80356399059296 1.75690800309181 1.86883199334145 2.11114800810814 2.39180398702621 2.55430799245834 2.98148399114609 3.47839200258255 3.95841600418091 4.57736397266388 4.87040399074554 5.13572401046753 4.92566399097443 4.61250001430512 4.90521599292755 3.95546399831772 3.49351198911667 3.57040799856186 3.08559601068497 1.88510400533676 1.39499999403954 0.761832001805306 0.576612002253532 0.689220004081726 0.633780000507832 0.863958139405694 -9999 -9999 -9999 -9999 -9999 -9999 -9999 -9999 -9999 -9999 -9999 -9999 -9999 -9999 -9999 -9999 -9999 -9999 0.119688311615935 0.144827027679295 -9999 -9999 -9999 -9999 -9999 -9999
2.52666001796722 2.63955599784851 2.45952001094818 2.29579199552536 2.11237201094627 1.9662839949131 1.95238799929619 2.06859601378441 2.31735599994659 2.75993999481201 2.9535120010376 3.26631600141525 3.97911599397659 4.48300799369812 5.49450000286102 5.8377240228653 5.59760399341583 5.50904401302338 4.98437997341156 4.53686398983002 3.73694400310516 3.67358398675919 3.79188000440598 3.67866000175476 2.32714800357819 1.34459999799728 0.944532006382942 0.669456001520157 0.661536004543304 0.551376003921032 0.66317142667819 0.50788965684244 -9999 -9999 -9999 -9999 -9999 -9999 -9999 -9999 -9999 -9999 -9999 -9999 0.071918181990358 0.050307692339023 0.0956769231706858 0.326637209414743 0.14618181900093 0.196344000101089 0.214309091369311 -9999 -9999 -9999 -9999 -9999 -9999
2.69348399162292 2.6718839764595 2.51632802724838 2.4110640001297 2.21421600341797 2.08619999408722 2.10373199701309 2.21695200920105 2.45347200155258 2.8534679889679 3.3528239941597 3.73338001251221 4.03502399921417 4.95521999835968 5.57920799255371 6.31313998222351 6.49162799835205 5.98391999721527 5.46047997951508 4.75178399085999 3.74565601110458 4.22006399393082 4.25541601419449 3.84019200086594 2.63836798548698 1.58144400119782 1.23256800413132 1.00533599793911 0.832715995311737 0.704196001291275 0.73785600066185 0.480347998738289 0.310157144353503 -9999 -9999 -9999 -9999 -9999 -9999 -9999 -9999 0.592129870088069 0.689436002075672 0.613692002445459 0.487296001687646 0.2820960008353 0.200124000236392 0.41810400351882 0.329975999444723 0.186804000139236 0.162600001692772 -9999 -9999 -9999 -9999 -9999 -9999
2.72440799951553 2.67101996421814 2.61352797746658 2.56197599887848 2.32606800079346 2.18476802110672 2.262815990448 2.35166398286819 2.51434802055359 2.81264399766922 3.53192400455475 4.1122439956665 4.21340399742126 5.59234799385071 6.11175599575043 5.63745601654053 5.54126399993897 5.12982001304627 5.11146002292633 4.60252800941467 3.52375200748444 3.42853199481964 3.79731597900391 3.9763799905777 2.90498399972916 1.78736400365829 1.48014000177383 1.33156800508499 1.13662800431252 1.09274401247501 1.07964000821114 0.928116001486778 0.524124000966549 0.28891139279438 -9999 -9999 0.0952312507433817 0.133496907683685 0.328320000767708 0.253512000367045 0.445644001141191 1.32429599702358 0.930996000170708 0.68511599957943 0.433044001460075 0.282671999782324 0.210204000324011 0.20231999963522 0.23720400005579 0.200196000486612 -9999 -9999 -9999 -9999 -9999 -9999 -9999
2.78395201921463 2.7813240146637 2.76462001085281 2.68768798112869 2.6256959939003 2.58069599866867 2.51413200378418 2.5070040178299 2.57310000419617 2.73909600019455 3.42435600280762 4.41781200885773 4.72834801197052 4.73641198635101 5.4164159822464 6.09433198451996 5.59839601516724 4.61768397092819 4.08016799926758 3.7092600107193 3.41251200199127 3.17768399477005 3.487536008358 3.92450400829315 3.14568000555038 1.85198400974274 1.70352000832558 1.5590519964695 1.36929599761963 1.39751999258995 1.67777999520302 1.84147199749947 1.35961200654507 0.92955600053072 0.611675999462605 0.557064000070095 0.778283996880054 0.620028001070023 0.505583999156952 0.479195998907089 0.552816001772881 0.89935200214386 0.688787998557091 0.538560006022453 0.475775998532772 0.391932000517845 0.326627999842167 0.293004001379013 0.297108002901077 0.277574999413143 -9999 -9999 -9999 -9999 -9999 -9999 -9999
2.87931600093842 2.9036879825592 2.93435999155045 2.7996120095253 2.83370400667191 2.90991599798203 2.72793600559235 2.65535998344421 2.67728397846222 2.9849760055542 3.63495598554611 4.57289999485016 5.60491199493408 5.70776400566101 5.08240799427032 5.62917599201202 5.26877999305725 5.14436400651932 3.89095199108124 3.56774400472641 3.71415601491928 3.54704399585724 3.36455998182297 3.58840798854828 2.37546000003815 2.00149200081825 2.10304799318314 2.11658400297165 2.20687200665474 2.40742799758911 2.60546400904655 2.41016399383545 2.09138401031494 1.5842159986496 1.24956000208855 1.36018799424171 1.33146000504494 0.891108002066612 0.640799999237061 0.630900002121925 0.586116003394127 0.514655999541283 0.507132000923157 0.497664005756378 0.435564002990723 0.39362400084734 0.359100004434586 0.361547999382019 0.349164005815983 0.318749999006589 -9999 -9999 -9999 -9999 -9999 -9999 -9999
2.94746396064758 2.93342396497726 2.96053196430206 2.86106400728226 2.81012403249741 2.81613602638245 2.79460803031921 2.76969601631165 2.79918001890182 2.99498399972916 3.96860402584076 4.78987199783325 5.45720400810242 6.22799999237061 5.70401999473572 5.62683597564697 5.5210320186615 5.10299998760223 3.87601200819016 4.07797200679779 4.07505600452423 3.83651999235153 3.3801120185852 2.87395200014114 1.97877599835396 2.83777200102806 3.46384801149368 3.58880399465561 3.16508399486542 2.56291199684143 2.49447600126266 2.45044800043106 2.06726399898529 1.58997600078583 1.25287199497223 1.01750401854515 0.878868001699448 0.805248000621796 0.60429600417614 0.529631999135017 0.436284001767635 0.420408002734184 0.429696001708508 0.457524002492428 0.4289759978652 0.435095998048782 0.386639997065067 0.385415994226933 0.376272001266479 -9999 -9999 -9999 -9999 -9999 -9999 -9999 -9999
3.02471999883652 2.93072396755219 2.88561601161957 2.87618404150009 2.84976003646851 2.84500802516937 2.87643601179123 2.89331999778748 2.92921197891235 3.05769598484039 3.61915199995041 5.21668795585632 5.35377597808838 6.2513279914856 6.32854798316956 6.46228800773621 5.60181601047516 4.87807200908661 4.54384802818298 4.1670359992981 3.86110800266266 3.50244000673294 3.12580800056458 2.31505200386047 2.76760799646378 3.8129759979248 3.43573200464249 2.82639599323273 2.48709599852562 2.22094800233841 2.05455599308014 1.93460400342941 1.81720799803734 1.5320879983902 1.28458799958229 1.08050401091576 0.851327996850014 0.734939999580383 0.688104007840157 0.584388000369072 0.476640003323555 0.410148000121117 0.393407995402813 0.395387996435165 0.382967993021011 0.424043999910355 0.46270799934864 0.449891999661922 0.431814434602089 -9999 -9999 -9999 -9999 -9999 -9999 -9999 -9999
3.13045202493668 3.00250797510147 2.9267999458313 2.91236395359039 2.93000395774841 2.97525597572327 3.04401600837708 3.10132799625397 3.15396000623703 3.16303201198578 3.4950600028038 4.53474001169205 5.16625198841095 6.09123599052429 6.65899199962616 6.55930799484253 6.36138001441956 5.48805601119995 4.49902801513672 4.30073999881744 4.00546800374985 3.15766799211502 2.94058798074722 3.28208400249481 3.51064800739288 3.22336799144745 2.88583199977875 2.4352560043335 2.12018401145935 1.82595599889755 1.71313199996948 1.58922000646591 1.52053199887276 1.39708800792694 1.19235598683357 1.03777201890945 0.886428000926971 0.764639999866486 0.654156000614166 0.595691983699799 0.569088000059128 0.525672006905079 0.48711600124836 0.458892002999783 0.443664000928402 0.450864003002644 0.496224005520344 0.530892016291618 0.506554847763431 -9999 -9999 -9999 -9999 -9999 -9999 -9999 -9999
3.15482402324677 3.02461198568344 2.95358396530151 2.95750796794891 3.01341598510742 3.11198402404785 3.25252798557282 3.4003800034523 3.51147600650787 3.63049200773239 4.0511879992485 4.63712400913239 5.81198398590088 6.55002001285553 7.05366000175476 6.8023799943924 6.80525998592377 5.56487998008728 4.20836401224136 4.01432401180267 3.51216000080109 2.98216800689697 3.88385999917984 4.00204798936844 3.22999199867249 2.908907995224 2.84191199660301 2.23927200913429 1.85003999710083 1.53449999928474 1.38268800377846 1.40202001690865 1.27292399525642 1.27130399465561 1.20239998459816 1.02283201813698 0.894060001373291 0.787967994213104 0.711216006278992 0.628703995347023 0.554364016652107 0.534816019535065 0.537048017382622 0.554400011301041 0.565343988537788 0.57247199177742 0.565343993902206 0.570886353877458 -9999 -9999 -9999 -9999 -9999 -9999 -9999 -9999 -9999
3.12894002437592 2.99401197433472 2.94260396242142 2.98209597110748 3.07306800603867 3.20544001340866 3.38468399763107 3.58167598962784 3.7534680223465 4.05831598997116 4.61530801296234 4.75160402297974 5.54846400260925 6.86790001869202 6.74535598754883 6.32919600486755 6.09631198406219 5.09896802186966 4.19472002506256 3.55924801111221 2.75518800735474 3.43180800676346 3.91201200485229 3.79270798921585 3.78936000347137 3.37755599498749 2.81120399951935 2.09588399529457 1.5602040040493 1.25549999713898 1.20967197418213 1.31976001262665 1.342332020998 1.22687997817993 1.27288799524307 1.136231995821 0.975672006607056 0.832176003456116 0.73349999666214 0.657360005378723 0.583955989480019 0.539280019402504 0.530892018079758 0.547308018803596 0.559080009460449 0.580031984448433 0.585647978782654 0.586478550519262 -9999 -9999 -9999 -9999 -9999 -9999 -9999 -9999 -9999
3.14272802352905 2.96902797698975 2.93032796621323 3.0099599814415 3.11302801609039 3.24205198526382 3.40178400754929 3.57235198020935 3.74385600805283 3.97472400903702 4.24332000494003 4.42612799167633 4.74166801929474 5.89175999164581 6.45119998455048 6.52388401031494 5.58565198421478 4.95756001472473 4.63175999879837 4.06803597927093 3.66407998800278 3.78705598831177 3.21505200386047 3.82874399185181 3.78964800357819 3.8978280043602 2.82484800577164 1.88326799988747 1.37105999946594 1.15182000398636 1.35640799164772 1.23494398117065 1.33174801707268 1.35338402509689 1.35090002417564 1.27321199655533 1.06581601262093 0.897803999185562 0.766043993234634 0.65926800608635 0.598571984171867 0.552708014249802 0.540648021697998 0.525924016237259 0.527868016958237 0.545400022268295 0.563931822099469 -9999 -9999 -9999 -9999 -9999 -9999 -9999 -9999 -9999 -9999
3.25821598529816 3.11043600797653 3.04657198905945 3.07832400560379 3.15014403104782 3.24082798480988 3.35217598676682 3.47004002332687 3.55640399694443 3.66652800798416 3.80401199817657 3.98951999664307 4.66729199171066 5.54187602519989 5.57305199623108 5.45878801822662 5.0314319896698 4.62938400745392 4.46590796709061 3.73795200109482 4.7081879901886 4.08880801916122 3.71411999464035 3.90106800556183 3.02464800357819 3.07346399307251 2.36880000829697 1.93345199465752 1.30982399225235 1.17698398828506 1.2297239780426 1.20873597145081 1.24192798376083 1.36422002911568 1.38312002778053 1.29765600442886 1.11988800048828 0.934955998659134 0.797651997804642 0.689868008494377 0.609011987447739 0.55263601064682 0.533664019107819 0.524736015796661 0.529056017398834 0.546768022179604 0.55876365033063 -9999 -9999 -9999 -9999 -9999 -9999 -9999 -9999 -9999 -9999
3.48580800294876 3.31358398675919 3.22498798131943 3.18002403736114 3.19014005661011 3.21336000204086 3.24827997922897 3.27387599229813 3.27762000083923 3.30321600198746 3.45052801609039 3.6772199845314 3.9589559841156 4.91720398902893 3.96457199573517 4.6400039935112 5.31151200056076 4.20843599557877 3.86963999032974 3.58552799701691 5.54688000679016 4.58226001024246 3.79079999685287 2.90728799819946 2.36487599611282 2.39212800621986 2.04623999357224 1.63954801082611 1.46573999166489 1.16492401242256 1.11585602164268 1.1509919655323 1.20844797134399 1.34096402049065 1.36519202828407 1.26752399325371 1.11351600646973 0.956268000602722 0.810972002744675 0.709920004010201 0.629567995071411 0.565127997398376 0.543924022912979 0.541080021858215 0.547272019386292 0.575999985984031 -9999 -9999 -9999 -9999 -9999 -9999 -9999 -9999 -9999 -9999 -9999
