All_rasters_2/Precipitation.asc
NCOLS 176 
NROWS 173 
XLLCORNER -17.5416666666687 
YLLCORNER -34.7083333333343 
CELLSIZE 0.41666666666667 
NODATA_value -9999 
[rows 75 to 99 of 173, columns 57 to 113 of 176]
7.4780999994278 7.17105600833893 7.21627200126648 7.14074402332306 7.47511199951172 8.13873596668243 8.82305997848511 9.17668802261353 8.35037994861603 7.66119597911835 7.14369599342346 6.68512796878815 6.225767993927 6.00008399963379 5.87473198890686 5.74826400279999 5.67550800800324 5.6243880033493 5.61959999084473 5.50425600528717 5.30845199108124 5.11686001300812 5.11171198368072 5.06494805812836 5.05929604053497 5.10228001594543 5.24375998020172 5.26863596916199 5.19739200592041 5.10177600383759 5.05389600276947 5.11066800117493 5.25106797218323 5.30370000362396 5.25189599514008 5.1960959815979 5.23713597774506 5.40378000736237 5.55919201374054 5.70852001190186 5.7552840089798 5.78214000225067 5.79967200756073 5.68306800365448 5.5650239944458 5.46602400302887 5.37804001331329 5.27626798152924 5.18414395809174 5.06631604194641 4.94675998210907 4.78263602733612 4.67593201160431 4.51569601535797 4.39322399139404 4.19292000770569 3.98113200187683
8.61533999443054 8.04988796710968 7.82197201728821 7.8278760099411 8.2566720199585 9.00341997146606 9.70426803588867 10.0764720344543 9.24451198577881 7.1411400270462 7.07529599189758 6.64534800052643 6.04591198921204 5.77652399539947 5.64595201015472 5.57046000003815 5.53964396953583 5.52052797794342 5.54147998332977 5.48118001461029 5.26161597251892 5.07697203636169 5.08017603874207 5.15962799072266 5.20412395954132 5.28670799732208 5.37854402542114 5.40115201473236 5.32051201820374 5.26834801197052 5.21017201423645 5.29066800117493 5.47239599704742 5.54482798099518 5.51746800899506 5.48949602127075 5.4068400478363 5.44273203849793 5.64044400215149 5.85694800376892 5.9599439907074 6.04627201080322 6.06844800472259 5.94482396125793 5.77627201557159 5.61013201236725 5.47840801239014 5.38434004306793 5.25895199775696 5.19609599113464 5.14803598880768 4.98132002353668 4.85899199485779 4.78306801319122 4.67737200260162 4.55922000408173 4.36935600280762
9.62341203689575 8.64176403045654 8.60792399406433 8.82633597373962 9.24872398376465 9.9171000289917 10.2295800495148 10.1192399597168 9.03164398670197 8.47231203556061 7.33456803798676 6.51142799377441 5.74210799694061 5.51797197818756 5.47412401676178 5.47995595932007 5.50159193992615 5.54165999412537 5.54983196258545 5.41767599582672 5.19519596576691 5.03719204902649 5.08190402984619 5.25729599952698 5.34168001651764 5.3743320274353 5.45936403751373 5.50357193470001 5.40547201156616 5.34006003379822 5.36461202144623 5.52502799510956 5.72288399219513 5.79967197418213 5.79582001209259 5.77259999275207 5.62723201274872 5.53845599651337 5.69610002994537 5.89528796672821 6.09429599285126 6.28473599433899 6.34165201187134 6.15441599845886 5.90846399784088 5.71525204658508 5.63832001686096 5.57593198776245 5.45479197025299 5.38415999412537 5.33476801395416 5.21668800354004 5.07211197853088 5.00659202098846 4.99428002357483 4.99392000675201 4.81208400726318
10.9743479633331 10.386288022995 11.5313399410248 11.2934709672005 10.5827186390505 11.1106363643299 11.3729249338309 10.3870079994202 10.698192024231 9.84873600006103 8.38310403347015 6.61752003192902 5.59263596534729 5.50778396129608 5.49575995445251 5.5279439496994 5.55786000728607 5.60141997337341 5.57593197345734 5.37973200798035 5.04900000095367 4.87947599411011 5.0576039981842 5.29801198005676 5.42077202320099 5.4166680431366 5.43826804161072 5.45270399570465 5.38686001300812 5.45094000816345 5.58126000404358 5.85579597949982 6.04126800060272 6.02683201789856 6.05682001113892 6.04119600772858 6.02269201755524 5.97938399791718 5.76198000907898 5.94302400112152 6.19189196109772 6.40468799591064 6.41696396827698 6.23178000450134 6.02168401241302 5.88693600177765 5.84672401428223 5.82897599220276 5.74768800735474 5.65203600883484 5.57776799201965 5.49021598339081 5.30366400241852 5.20646398544311 5.28915599822998 5.36662803173065 5.306471991539
12.3031317082847 -9999 -9999 -9999 -9999 -9999 11.6871749361356 10.4169239521027 11.5969679737091 10.1537279987335 8.84455200195313 7.12763999462128 6.00508800506592 5.67025202274322 5.59148397445679 5.64112801551819 5.68526401042938 5.60804398536682 5.55728395462036 5.33876400470734 4.91486401081085 4.70815201759338 4.96907998561859 5.35204801559448 5.48578799247742 5.52412797451019 5.47228800296783 5.5463760137558 5.59774800777435 5.61517198562622 5.78512798786163 5.94939600944519 6.03424800872803 6.04864803314209 6.08040005207062 6.21579599380493 6.23707196235657 6.10491600990295 5.92585198879242 6.00098402023315 6.19973996639252 6.34802402973175 6.33160803318024 6.20283597946167 6.08817597866058 6.01322399616241 6.02150403022766 6.03219602584839 6.01250399589539 5.9717159986496 5.90097600460053 5.79401999950409 5.65354800701141 5.57197201728821 5.56372799873352 5.569415974617 5.55645601272583
-9999 -9999 -9999 -9999 -9999 -9999 -9999 11.6246399561564 11.4971172069681 9.55339201927185 8.30289597988129 7.11154799461365 6.14739599227905 5.76903600215912 5.67252000808716 5.7467520236969 5.86090799331665 5.81410799980164 5.64476401329041 5.40867600440979 5.12704800605774 4.96321196556091 5.08161601543426 5.37930000782013 5.59980001449585 5.68501202106476 5.72932800769806 5.87285999774933 5.96638802528381 5.96804397106171 5.97859199047089 5.9843880033493 6.01902005195618 6.04825203895569 6.02532002925873 6.01520400524139 6.06329997062683 6.03446401119232 6.00829204082489 6.06027603626251 6.17187595844269 6.23141999721527 6.21431998252869 6.13904397964478 6.07752002716064 6.0802920627594 6.11272798538208 6.18094795703888 6.24571200847626 6.29535601615906 6.27458400726318 6.1638840007782 6.04234799385071 5.94604800224304 5.78372401237488 5.63461200237274 5.58125998497009
-9999 -9999 -9999 -9999 -9999 -9999 -9999 -9999 10.149975001812 9.14266795158386 7.95610800743103 7.01622001647949 6.32203199386597 5.95231198787689 5.81932797431946 5.83106393814087 5.88826797008514 5.90140798568726 5.78116799354553 5.63641199588776 5.60185199737549 5.64515999317169 5.53305601596832 5.59317599773407 5.74268399238586 5.83865995407105 5.94633598804474 6.09620398521423 6.19243196964264 6.22537197589874 6.16978798389435 6.09886799812317 6.12291600227356 6.17849998950958 6.04537200450897 5.72633998394012 5.84013599872589 5.97456000328064 6.08043600559235 6.14692797660828 6.16226395130157 6.11301600456238 6.0488640165329 6.02514002799988 6.0320880317688 6.09634802818298 6.20150397777557 6.35036400794983 6.50667600154877 6.6474719953537 6.75597599029541 6.72829200267792 6.58738801956177 6.42981597900391 6.07557598590851 5.76446402549744 5.73785999298096
-9999 -9999 -9999 -9999 -9999 -9999 -9999 -9999 -9999 9.08607604026794 7.85692799568176 6.97647600650787 6.39334801197052 6.10127998828888 5.94306000709534 5.87426394939423 5.86342795848846 5.8604399394989 5.81637594223022 5.80219197273254 5.82829196929932 5.79513597488403 5.77065599918365 5.73879602432251 5.85601201534271 5.98305601596832 6.06560403823853 6.15513596057892 6.23563199043274 6.25478398323059 6.24297597885132 6.22144799232483 6.23228399753571 6.338592004776 6.27300000190735 5.90356800556183 5.84884798049927 5.97808800697327 6.11956802845001 6.21442800045013 6.20834396362305 6.13767600536346 5.99522400379181 5.89989597320557 5.90914797782898 6.11964002132416 6.33855599880219 6.53043597698212 6.76285202980042 6.99181202411652 7.22235599040985 7.3575719833374 7.09498798847198 6.7781160068512 6.40018803119659 6.22749601840973 5.9682959985733
-9999 -9999 -9999 -9999 -9999 -9999 -9999 -9999 9.57335301006542 8.79127200126648 7.6388400220871 6.75291600704193 6.17104801177979 6.04706405162811 5.95616399765015 5.89287598609924 5.85997195243835 5.82058795928955 5.80028395652771 5.81399995803833 5.83797597885132 5.77663200378418 5.82155996322632 5.82562795162201 5.96844000339508 6.0757200050354 6.14098799705505 6.20773199081421 6.25262400150299 6.28254002094269 6.29164799213409 6.32343602657318 6.42329999923706 6.55293600082397 6.51913198947906 6.22439999580383 6.0454440164566 6.10185600757599 6.23977199077606 6.2911080121994 6.25078799724579 6.12244798183441 6.05545197486877 6.00220803260803 6.01606802463531 6.17904000282288 6.43348799705505 6.66907198905945 6.91437601089478 7.18556398391724 7.47601195812225 7.61842803001404 7.29457200527191 6.88539599895477 6.48396000862122 6.22483198642731 5.8893480014801
-9999 -9999 -9999 -9999 -9999 -9999 -9999 -9999 8.75462732531808 8.1627840089798 7.5299760055542 6.76508397579193 6.21122398853302 6.07917599201202 5.95263600349426 5.86349994659424 5.79315599441528 5.74851602077484 5.76936001777649 5.82472800254822 5.71762801170349 5.67187198638916 5.78678398609161 5.9168159866333 6.03036003112793 6.14789998531342 6.21053998947144 6.25838398456573 6.27890400886536 6.2639999961853 6.24797998428345 6.33326403617859 6.52215598583221 6.71187601089478 6.75230401515961 6.50966401100159 6.30255599021912 6.34273200035095 6.42063597679138 6.44504397392273 6.33200400352478 6.24722398757935 6.1896959733963 6.16586395263672 6.19135196685791 6.27865197658539 6.46581600189209 6.68728800773621 6.91520401000977 7.08253200531006 7.36757998466492 7.39904400348663 7.16813999652863 6.8517360162735 6.4557719707489 6.01484398841858 5.48744401931763
-9999 -9999 -9999 -9999 -9999 -9999 -9999 -9999 8.02110418803255 7.9682759809494 7.87834799289703 7.17332401752472 6.55059600830078 6.23750398159027 5.9936040019989 5.85147595882416 5.75362802028656 5.70358803272247 5.7003480052948 5.80442401409149 5.70027601242065 5.73069602966309 5.86166399002075 5.97538801670074 6.09534000873566 6.17975998878479 6.25366797924042 6.30979200839996 6.31342803001404 6.26464799404144 6.22544396400452 6.32545199871063 6.66003596782684 6.87160801887512 6.90451200962067 6.78650399684906 6.67699198246002 6.68178000450134 6.71831996917725 6.66014397621155 6.47539199829102 6.30658803939819 6.22890000343323 6.25226397037506 6.31620000362396 6.37081202983856 6.48565195560455 6.65823600769043 6.84885595798492 6.95984401226044 7.02399603843689 7.02208800792694 6.87596399307251 6.63390000343323 6.22303198337555 5.7767759847641 5.24743201732636
-9999 -9999 -9999 -9999 -9999 -9999 -9999 -9999 9.12175201416016 8.68827597618103 8.43980404853821 7.38244801521301 6.57961198806763 6.14901601791382 5.90054395675659 5.83322396278381 5.78861998558044 5.7171960401535 5.70027601718903 5.81094002246857 5.86169996738434 5.8588919878006 5.94064801216125 6.00109201431274 6.07683602809906 6.16251595973969 6.26709601402283 6.31731602668762 6.2985960149765 6.28549201011658 6.31180802822113 6.51124801158905 6.91171202659607 7.07173202037811 7.077888007164 7.04037598609924 7.00074001312256 6.98147998809814 6.95930401325226 6.88672797203064 6.74719200134277 6.44399998664856 6.30316800117493 6.30666000366211 6.3420840215683 6.43435198783875 6.55271999835968 6.70417201042175 6.84784797668457 6.91941599369049 6.90793200016022 6.71900399208069 6.48169201850891 6.28394398212433 5.99198401927948 5.61891600608826 5.09619601249695
-9999 -9999 -9999 -9999 -9999 -9999 -9999 -9999 10.1787374416987 9.05551197052002 8.18373599052429 7.11262798786163 6.27685199260712 5.89179598808289 5.79913197517395 5.85637196063995 5.88416397094727 5.80939197540283 5.7650040102005 5.89672797679901 5.95227600097656 5.94226799488068 5.97812400817871 5.9864040184021 6.03021603107452 6.0992640209198 6.16539597511292 6.20737197399139 6.22198797702789 6.30421199321747 6.49015201568603 6.7669199848175 7.07713196754456 7.20219598293304 7.23099600315094 7.24878000736237 7.26559200763702 7.26839999675751 7.24269598007202 7.16561999320984 7.02889198303223 6.80540397644043 6.53327997207642 6.39892802715302 6.42682796955109 6.48111594200134 6.57154800415039 6.67864802837372 6.7957200050354 6.90087597846985 6.73567197799683 6.5060640001297 6.25388400554657 6.05505599498749 5.74124401092529 5.51365201473236 5.11833602905273
-9999 -9999 -9999 -9999 -9999 -9999 -9999 -9999 9.9815010287098 8.96435998916626 8.05525201320648 7.04822400569916 6.18940800666809 5.81223596096039 5.74689603328705 5.88952798366547 5.96350801467895 5.91530398845673 5.89114800930023 5.9478839969635 6.07791601657867 6.036804022789 5.98244402885437 5.9599079990387 5.98553998947144 6.02841603279114 6.06301204681396 6.08763604640961 6.11269202232361 6.29942398548126 6.63497999668121 6.9339240026474 7.15010397911072 7.27542001247406 7.34061604499817 7.38651598453522 7.45671597957611 7.53238800525665 7.56489602088928 7.43558397769928 7.23081598758698 7.02972000598907 6.80497197628021 6.63451201915741 6.4761840057373 6.43114797592163 6.52582796573639 6.64826402187347 6.7252320098877 6.79258798122406 6.64829999923706 6.28696798324585 5.9952960062027 5.76831600189209 5.59681200027466 5.42552401065826 5.09230799674988
-9999 -9999 -9999 -9999 -9999 -9999 -9999 9.34978780941087 9.06789676092004 8.45082001209259 7.74961200714111 7.00034400463104 6.22659600257874 5.73418798923492 5.65509600639343 5.87923198699951 6.01434003829956 6.02481599330902 5.98406400680542 5.85014396190643 5.99716801166534 6.07528800487518 5.99392800807953 5.95641600608826 5.95331999778748 5.97254400730133 6.01210803508759 6.04861204147339 6.05826002120972 6.31594799518585 6.80590800285339 7.09862399578094 7.24316401958466 7.33564801216126 7.41081597805023 7.47903594493866 7.55499600410461 7.66792803764343 7.77542397975922 7.55078399181366 7.30098002910614 7.09394397735596 6.90299998283386 6.78002398014069 6.59869200229645 6.46981194972992 6.50926795959473 6.62504402637482 6.70690801620483 6.7232880115509 6.57327601909637 6.14671200275421 5.75675999641418 5.40583202362061 5.23713601112366 5.18623199462891 4.28731198310852
-9999 -9999 -9999 -9999 -9999 -9999 -9999 8.22567271463799 8.18488806247711 7.84918803215027 7.48911599636078 7.16382001876831 6.52316399097443 5.91775200843811 5.70247203826904 5.83891198158264 6.00274800300598 6.07373999595642 6.06726002216339 6.07402797222137 6.14872798442841 6.18587995052338 6.09904799938202 6.0052320432663 5.93049599170685 5.92822798252106 5.99281201839447 6.13242001056671 6.31227599143982 6.5842560005188 6.94101602077484 7.1746199798584 7.2951120185852 7.36423201560974 7.43853596687317 7.49088000297546 7.53029999732971 7.57875601768494 7.56896399974823 7.38586802482605 7.17112799167633 7.02018001556397 6.90901200771332 6.80317195892334 6.68282402992249 6.57241200447083 6.5932919883728 6.65949602603912 6.68311204433441 6.62792403697968 6.52327199459076 6.13533602237701 5.61304798126221 5.23832402706146 5.16934799671173 4.65310798406601 3.42118802070618
-9999 -9999 -9999 -9999 -9999 -9999 7.23532496889432 7.55174546771579 7.52835602283478 7.36257603168488 7.38817198753357 7.37964000701904 7.07277600765228 6.38694000244141 5.94529201030731 5.9968439912796 6.06960000991821 6.15405601501465 6.27476399421692 6.50419200897217 6.54015600681305 6.43093198299408 6.22954799175262 6.02971202850342 5.89607999324799 5.84938796043396 5.94410399436951 6.21669603347778 6.57054002285004 6.83567997455597 7.07734799385071 7.23610800266266 7.34547601222992 7.41639597892761 7.45779595851898 7.45693198680878 7.43083196640015 7.39522799491882 7.27001999855042 7.06442399978638 6.97226399421692 6.92477999210358 6.86181599617004 6.77221199512482 6.68300403118134 6.64016401290894 6.66043200492859 6.72001200199127 6.75626399517059 6.73138800621033 6.58720799446106 6.18886800765991 5.73152400016785 5.3781839799881 5.5014120054245 4.05090000867844 4.00611598491669
-9999 -9999 -9999 -9999 -9999 -9999 7.23732246671404 7.2824400138855 7.31602804660797 7.32376802444458 7.37557201385498 7.44134400367737 7.42460400104523 6.85796401977539 6.23156399726868 6.18663597106934 6.39795599937439 6.37484400272369 6.65110800266266 6.90242399692535 6.895260014534 6.63483599185944 6.37631999969482 6.04961999893188 5.82854395389557 5.73681602954865 5.86555196285248 6.17500800609589 6.54879601478577 6.86826002120972 7.11604800224304 7.23790800094605 7.33471199512482 7.41707995891571 7.4141999578476 7.39015199661255 7.34662803649902 7.2529199886322 7.10524797439575 6.92758801460266 6.84863996505737 6.8142239522934 6.7621680021286 6.70449603557587 6.63091201305389 6.63559202194214 6.69697205066681 6.82412397861481 6.910452003479 6.88932000637054 6.61039199352264 6.15362402915955 5.76763199806213 5.54939998626709 5.71928400039673 4.92969599246979 4.62146397352219
-9999 -9999 -9999 -9999 -9999 -9999 -9999 7.21935000744733 7.19395198345184 7.24175998687744 7.338528008461 7.43907603740692 7.45657199859619 7.13214001178741 6.82171201705933 6.75277201652527 6.79557600975037 6.58382400512695 6.93716398715973 7.22390401363373 7.08224400520325 6.78960000991821 6.56701200962067 6.11769598960877 5.74448402404785 5.66740801811218 5.81932796955109 6.03590398788452 6.39302399158478 6.73210800647736 6.97971600055695 7.09578001499176 7.2094319820404 7.28985601902008 7.31318405628204 7.31340003490448 7.27747200489044 7.18243198394775 7.0314840221405 6.87545999526978 6.78545995235443 6.71655601978302 6.63472801685333 6.57511198997498 6.54343199729919 6.55189200401306 6.68141999721527 6.9000840139389 7.1764920091629 7.18390798568726 7.03695598125458 6.51664796352386 5.91116400241852 5.85871198654175 6.02686800479889 5.5686599779129 4.58377199172974
-9999 -9999 -9999 -9999 -9999 -9999 -9999 7.13282549634893 7.06438799858093 7.08138001441956 7.22890800952911 7.16954400062561 7.0157160282135 6.97636802196503 6.93864001274109 6.97050000667572 6.92431200027466 6.87398400306702 7.1024400138855 7.5938759803772 7.38824400424957 6.93972001075745 6.57673200130463 6.18210000514984 5.71543200492859 5.5852200126648 5.62766403198242 5.79538802623749 6.19668001651764 6.50466000080109 6.71032797336578 6.85184400081635 6.98079600334168 7.08857997894287 7.15885196208954 7.18984800338745 7.212491979599 7.15683595657349 6.98803201198578 6.80317198753357 6.73488004207611 6.63501602172852 6.49652398109436 6.43006798744202 6.41404798030853 6.39424800872803 6.52859999656677 6.8954039812088 7.39411199092865 7.48771198272705 7.41178800106049 6.99519600391388 6.35536801815033 6.0732360124588 5.87051997661591 4.73583599567413 4.27611598491669
-9999 -9999 -9999 -9999 -9999 -9999 -9999 -9999 6.85151999791463 6.76004399776459 6.62731199741363 6.44335198879242 6.20560800552368 6.22710000991821 6.44659200668335 6.67047597885132 6.84374399662018 6.91196401596069 7.21598401069641 7.60395599842072 7.40361598491669 6.90642000675201 6.59131199836731 6.0221519947052 5.71906800270081 5.51134795188904 5.36000402927399 5.44237200737 5.93776802539825 6.25291197299957 6.44756399154663 6.59336399078369 6.72202799797058 6.85864797592163 6.96520802497864 7.05380400657654 7.10492399692535 7.15215596199036 6.93482401847839 6.63285601615906 6.57007200717926 6.48982799053192 6.33070802211761 6.27087602138519 6.21932399272919 6.18472797870636 6.22774800300598 6.56614799022675 7.47122399330139 7.60946401119232 7.44584402084351 6.76151999473572 6.23455198287964 6.18015601634979 5.38635598659515 5.42340001583099 4.24281599998474
-9999 -9999 -9999 -9999 -9999 -9999 -9999 -9999 -9999 6.40434999598397 6.11038799285889 5.68220400333405 5.75945999622345 5.52196800231934 5.65916397571564 6.17126401424408 6.39453600883484 6.63264002323151 6.87441598892212 7.08091201782227 6.72397198677063 6.34168800354004 6.30554400920868 5.85244799613953 5.61056399822235 5.43225601673126 5.31194399356842 5.33073602199554 5.86936800003052 6.05520000457764 6.22760399341583 6.37308001041412 6.52053598403931 6.64290001869202 6.75446401596069 6.85882798194885 6.94162800788879 6.96114000797272 6.74373599052429 6.39237598419189 6.30036000728607 6.26670000553131 6.20981997489929 6.15761996746063 6.06772802829742 5.99101201057434 5.9650200176239 6.13454400539398 6.821028008461 7.23920398712158 7.22743196487427 6.59401201725006 5.93719200611114 5.62107596874237 5.32213201999664 5.11887600660324 4.41666003227234
-9999 -9999 -9999 -9999 -9999 -9999 -9999 -9999 -9999 -9999 6.06702092156481 5.86108801841736 5.4193319940567 5.10465601444244 4.74613199710846 5.21888402938843 5.72709599971771 6.07741199016571 6.39169199943542 6.51535198688507 6.53738399028778 6.28923599720001 6.14808000564575 5.60019599914551 5.43265198707581 5.50825200557709 5.69062798976898 5.69242799282074 5.7768120098114 5.86655999183655 5.99497200965881 6.14872800827026 6.2893079996109 6.41012400627136 6.51898800849915 6.61125600337982 6.67843200206757 6.65812800884247 6.52737596511841 6.33693601608276 6.2861040019989 6.33405603408813 6.20078395843506 6.09163200855255 5.95943999290466 5.82965997695923 5.78858400344849 5.92239598274231 6.29661597251892 6.61546799659729 6.57838798522949 6.32782798290253 5.61412803173065 6.17515199184418 6.62716799497604 3.93055202245712 4.58989198684692
-9999 -9999 -9999 -9999 -9999 -9999 -9999 -9999 -9999 -9999 -9999 5.50537296243616 5.28001201152802 4.99600801944733 4.58186400413513 4.52718000888824 4.93523998737335 5.46116399288178 5.64440399646759 5.80424399852753 6.05145600318909 6.16024800777435 5.89615200996399 5.40359998226166 5.4953279542923 5.59627199649811 5.71705203056335 5.7043080329895 5.59047598361969 5.58910797119141 5.78681999206543 5.97650399208069 6.13591197490692 6.24013199329376 6.35932804107666 6.41523602962494 6.44831998825073 6.43881598949432 6.37585204124451 6.30651604175568 6.32541603565216 6.36375600814819 6.18389998912811 6.01740002155304 5.84427598953247 5.70675601482391 5.60347201347351 5.62082399368286 5.82847201347351 6.02917199134827 5.97106799125671 5.72115600585937 5.72637598991394 6.03392400741577 6.30997201442718 4.26787200212479 4.76888401031494
-9999 -9999 -9999 -9999 -9999 -9999 -9999 -9999 -9999 -9999 -9999 -9999 4.93106664845973 4.87580399036407 4.8922200012207 4.52246398448944 4.16865598917007 4.50633600234985 4.7055600309372 5.01530402183533 5.33995200157166 5.35057201385498 5.42811601638794 5.50285197734833 5.59083598136902 5.61157199859619 5.6739600276947 5.66848799228668 5.43877200603485 5.41979999065399 5.65135200500488 5.81738397598267 5.9452560043335 6.07892398834228 6.16478400707245 6.23271600723267 6.2648999786377 6.26698800563812 6.2478719997406 6.22022397994995 6.2128439950943 6.19311598300934 6.09681601047516 5.96278801441193 5.75845202445984 5.57110800743103 5.38974003791809 5.25945598125458 5.3763839673996 5.54234398841858 5.58176399230957 5.43056399345398 5.11711200237274 5.34967199325562 5.05382399082184 4.02418799877167 4.77579596042633
