All_rasters_2/Precipitation.asc
NCOLS 176 
NROWS 173 
XLLCORNER -17.5416666666687 
YLLCORNER -34.7083333333343 
CELLSIZE 0.41666666666667 
NODATA_value -9999 
[rows 50 to 74 of 173, columns 0 to 56 of 176]
-9999 -9999 -9999 0.805607998371124 0.898200003504753 0.95929201066494 0.985968008041382 0.985356007814407 0.9100080037117 0.911484004855156 0.90309600353241 0.903780003786087 0.895104001164436 0.913428000211716 0.970056003332138 0.947160001397133 0.901619999408722 0.861588003635406 0.854100005626678 0.828972007036209 0.785555995106697 0.747827997207642 0.782460003495216 0.86050800204277 0.89009999871254 0.832680004239082 0.743543999791145 0.678528003692627 0.662940004467964 0.683172003626823 0.729072000384331 0.772128002047539 0.78609600186348 0.796139997839928 0.895031997561455 0.880775998234749 0.853055998086929 0.832859997153282 0.799847998023033 0.757871997356415 0.718092001676559 0.696960013508797 0.73569600045681 0.757475994229317 0.753227988481522 0.748979986310005 0.76078798532486 0.764675989151001 0.761651985645294 0.742355991601944 0.729251998662949 0.736523993015289 0.750131987929344 0.775151989459991 0.781307991743088 0.76561198592186 0.738755989074707
-9999 -9999 1.10246896332708 1.10876399874687 1.16539199709892 1.23731999635696 1.22626798987389 1.20499199032783 1.1734919989109 1.16650799751282 1.14260399699211 1.12453199505806 1.08594001412392 1.02049202084541 1.06146003365517 1.11520800113678 1.08982800602913 1.02114001750946 1.01160000920296 0.96444000184536 0.956628009080887 0.936576007008553 0.908639994859695 0.98316000699997 1.01764801979065 0.986508009433746 0.916416003108025 0.828971996903419 0.806471997499466 0.840455998182297 0.895176001191139 0.977220008969307 1.02229201555252 0.975096008181572 1.03500002384186 1.06628401637077 1.05451201558113 1.03006801843643 0.979740007519722 0.908567999601364 0.838584002256393 0.784223993420601 0.860796005129814 0.873576002120972 0.839808010458946 0.806220000982285 0.820476006269455 0.852732014656067 0.845028012394905 0.825660008192062 0.803483999967575 0.80686800122261 0.825732008218765 0.859032007455826 0.868212006092071 0.839808006286621 0.803952000141144
-9999 -9999 1.300174473448 1.39370400190353 1.41692400097847 1.46055598139763 1.44719999551773 1.47333599805832 1.52827200651169 1.5492600107193 1.43780400514603 1.33070399284363 1.31839199304581 1.13479200482368 1.14235200166702 1.35939599871635 1.38308399796486 1.32501598715782 1.40932799458504 1.40435999631882 1.32861599326134 1.2704759979248 1.10905200362206 1.17205199599266 1.22698799014091 1.20268799185753 1.1484719991684 1.07650800228119 1.01520000934601 1.00342801451683 1.05120002269745 1.16787598848343 1.21892397880554 1.16794799208641 1.22137199044228 1.27342799544334 1.26583199262619 1.24171198368073 1.1779199898243 1.07568001627922 0.991116010546684 0.94492800116539 0.971496002674103 0.994608011245728 0.912059996128082 0.83509201169014 0.843156014680862 0.901259993314743 0.935999989509583 0.912707990407944 0.871632006764412 0.874656004309654 0.909935992360115 0.954899996519089 1.01206801772118 1.00807201623917 0.941328002214432
-9999 1.5036480029424 1.57939200043678 1.62500400185585 1.61830800414085 1.58781599283218 1.65736800551414 1.77595200181007 1.93265999555588 2.08728000640869 2.09613599538803 1.85525999903679 1.68105600833893 1.55822400331497 1.64573999643326 1.821167999506 1.88924400210381 1.95292800545692 2.0414520072937 2.00034000754356 1.81461599946022 1.68775199890137 1.50998400449753 1.44763200044632 1.47304798841476 1.45655999779701 1.43596799612045 1.41717599630356 1.31410799622536 1.2207599902153 1.1875679731369 1.3537440097332 1.44172799944878 1.44986400127411 1.52492400527 1.54432799935341 1.4618879878521 1.4046840274334 1.33711201906204 1.23890398383141 1.15275599122047 1.09584001898766 1.07776804208755 1.0980720436573 0.973260006904602 0.864972007274628 0.899208005070686 0.99946801006794 1.08774001002312 1.0280880177021 0.943091992139816 0.94568399310112 1.00238401412964 1.07978402495384 1.18853998541832 1.23559198975563 1.16258399963379
1.72560000703448 1.88774544903726 1.98521999120712 1.93089599013329 1.8651960003376 1.86145199775696 1.96358398675919 2.09124000906944 2.29640399694443 2.63012400150299 2.95538400411606 2.44519199609756 1.98208800315857 2.00012400388718 2.14412400722504 2.28128399372101 2.44281600952148 2.55221999645233 2.47453200340271 2.36908800601959 2.20384799599648 2.03832000255585 1.8780479991436 1.75370400190353 1.68933600902557 1.6823880147934 1.70697601079941 1.76266799330711 1.66769999861717 1.54350000619888 1.47571200251579 1.60398000359535 1.69052402019501 1.74502800583839 1.76065201401711 1.6919640314579 1.59015599370003 1.50317996501923 1.46354399085045 1.41138000845909 1.33797601699829 1.25668798923492 1.17007197260857 1.17611996769905 1.05807601928711 1.04032801151276 1.12028399825096 1.20805198669434 1.29006000161171 1.21895998835564 1.11423600196838 1.06268402099609 1.12168800234795 1.19199597120285 1.28217599868774 1.39690801858902 1.37678401112556
-9999 2.20022307450955 2.240640001297 2.16500400543213 2.09354401111603 2.17818000793457 2.2817879986763 2.36530800104141 2.51924401044846 2.7533159995079 2.84212799787521 2.57630401134491 2.39324400424957 2.47255199432373 2.61050400495529 2.55618000268936 2.77401601552963 2.84428800821304 2.74431601285934 2.62324799060822 2.50257601261139 2.40044400215149 2.28013200759888 2.12353199958801 1.98518400073051 1.91829599142075 1.90443599104881 1.94893199682236 1.94551199555397 1.91869199514389 1.88276399731636 1.82267997860909 1.83031196594238 1.87966798186302 1.83005996465683 1.7968679857254 1.70859601855278 1.58507999181747 1.62482400178909 1.61931600451469 1.52524797916412 1.49266799688339 1.43092799901962 1.36461600780487 1.25618399977684 1.30600800871849 1.30680000782013 1.32256801366806 1.41469203591347 1.36573202967644 1.27897199749947 1.27436399579048 1.32325200676918 1.33506001472473 1.37620802402496 1.49767198324203 1.49849997401237
-9999 -9999 2.62708163991266 2.47503598451614 2.29384801387787 2.33265598535538 2.50095601797104 2.59091999292374 2.68437599658966 2.79129601001739 2.71853999614716 2.70827998638153 2.7472319817543 2.82736799240112 2.92370400190353 2.8620720076561 2.90332800388336 3.03800400257111 2.94245999097824 2.80285201072693 2.77192800283432 2.76325199604034 2.72242798805237 2.5624799990654 2.3550119972229 2.18685600042343 2.08479599237442 2.14999200940132 2.29395599603653 2.15920799255371 2.15650800704956 2.08710000395775 2.02820399403572 1.97809199213982 1.94479200363159 1.94810400247574 1.92859198689461 1.78714800238609 1.82303999066353 1.82635198354721 1.7506080019474 1.74510000109673 1.76205599308014 1.64592000365257 1.53788399577141 1.45746000289917 1.4338080060482 1.46365200400352 1.45263600230217 1.42963200807571 1.43823600172997 1.50533999323845 1.58925599455833 1.6193519961834 1.66067999005318 1.68566400885582 1.60599599957466
-9999 -9999 3.0764571428299 3.01240801334381 2.79028799772263 2.81530799865723 2.83157999277115 2.84633999109268 2.96074800014496 3.04880400419235 2.92827600240707 3.05495999336243 3.17897999286652 3.26023200750351 3.32596800088882 3.32017200946808 3.24208800077438 3.29446801185608 3.21263999462128 3.03458397388458 3.07112399816513 3.1556519985199 3.14114399909973 2.94397199630737 2.69625600099564 2.44411200046539 2.33031599283218 2.45339999437332 2.77833602428436 2.53101600408554 2.45516401052475 2.49238800764084 2.3439599943161 2.17738800764084 2.09296801328659 2.11608000278473 2.15744402885437 2.16734400510788 2.15067601442337 2.06668800473213 2.01783600091934 1.93316399097443 1.9252079975605 1.90295998930931 1.82545199513435 1.77051599979401 1.78214399814606 1.82120399951935 1.71284399986267 1.74913200259209 1.69102802038193 1.73617201209068 1.8727919948101 1.9558079957962 1.99483199596405 1.94785199046135 1.81443600177765
-9999 -9999 3.7254239988327 3.6404280090332 3.56025600194931 3.56814000368118 3.60943199634552 3.49934400558472 3.52814399719238 3.66577199459076 3.48634799480438 3.62073600292206 3.72578399896622 3.74342400550842 3.77060399532318 3.91852800369263 3.85318799972534 3.73676399707794 3.62930400133133 3.48119999170303 3.4717679977417 3.49757999897003 3.43778401613235 3.17325601100922 2.96675999164581 2.75263200521469 2.70784801483154 2.79889200210571 2.84914803743362 2.74845601081848 2.73013200759888 2.77362001657486 2.59329598665237 2.32783199548721 2.33874000072479 2.37902400016785 2.36595599889755 2.41592400550842 2.40354000329971 2.35479598522186 2.27552399635315 2.16723599672317 2.10816001415253 2.10517200708389 2.1023640203476 2.06431200623512 2.03680799841881 2.09570400357246 2.03302800416946 2.060424015522 1.90285199046135 1.93294798851013 2.24071200013161 2.34050400018692 2.35123201131821 2.28326400279999 2.18969999551773
-9999 -9999 4.44134546530367 4.47584401845932 4.40175601005554 4.39437599182129 4.44045599937439 4.51493999481201 4.58729998588562 4.55857199668884 4.42839601039887 4.38411600112915 4.33544399261475 4.1927400135994 4.21646399736404 4.36640401363373 4.35578400611877 4.18834800481796 4.04647197961807 3.9235320019722 3.85189200401306 3.72765600442886 3.52936799764633 3.2775839805603 3.18265199899673 3.11561999559402 3.10420799255371 3.15403198957443 3.1288679933548 2.96211601018906 3.06640798807144 2.96294398784637 2.81592000722885 2.72649598836899 2.63782799482346 2.59081198692322 2.62025999307632 2.61244799613953 2.63818799257278 2.56381199836731 2.53807201385498 2.46481200218201 2.35198799848557 2.36764800548553 2.41379999637604 2.41549200296402 2.37150001764297 2.35130399227142 2.27998798370361 2.24294400930405 2.19182403326035 2.37481199622154 2.76015599012375 2.75864398479462 2.72710799694061 2.67404401063919 2.64160799980164
-9999 -9999 5.50853616633314 5.94381595134735 5.49935998916626 5.61013200283051 5.40662397384644 5.38336801052094 5.52196799755096 5.5690199804306 5.47797602176666 5.27770799160004 5.1491879940033 4.69270798206329 4.63377602100372 4.55511604309082 4.60310399055481 4.48624801158905 4.38361201286316 4.23730799198151 4.09564801692963 3.91906801223755 3.63283200263977 3.58617600917816 3.55996799945831 3.46730401515961 3.45150000095367 3.5264879989624 3.41578800916672 3.3248879981041 3.39674400568008 3.2143680024147 3.07234800338745 3.05049599409103 2.94523199558258 2.79104401111603 2.83399202108383 2.81836802244186 2.83327203512192 2.76307200431824 2.76051600456238 2.81419199705124 2.7657359957695 2.78481599807739 2.75670000076294 2.76177601099014 2.7299520111084 2.65075201749802 2.56528799772263 2.44594798564911 2.41041597604752 2.70514801740646 3.02187598228455 3.05589599609375 3.02515198945999 3.03598800897598 3.08005198955536
-9999 -9999 -9999 7.19414119159474 6.81505262642576 7.34306248525778 6.88528799057007 6.60110403060913 6.61287598609924 6.67818001747131 6.55765198230743 6.0963480091095 5.71089599609375 5.28929996967316 5.04982800006866 4.87944000720978 4.78270802021027 4.70098801136017 4.63831198215485 4.47627599239349 4.34383201122284 4.18625997304916 3.99139200687408 3.90009600639343 3.74630401134491 3.63121198892593 3.6354239821434 3.84145199537277 3.67801200151443 3.57602400541306 3.59247598409653 3.36834000587463 3.22783200263977 3.19053600311279 3.19395599842072 3.02655598163605 2.96524796247482 2.96913597583771 2.97071997404099 2.95243198871613 2.90563199996948 2.98202398538589 3.00279598712921 3.03548400402069 2.98418396711349 3.0000959944725 3.04426799535751 3.0292560005188 2.98814400434494 3.08505601167679 3.12123599767685 3.08667599439621 3.20396399736404 3.25544398546219 3.2993280005455 3.3596639919281 3.43591200113296
-9999 -9999 -9999 -9999 -9999 8.64675500419702 8.28615599155426 7.96053601264954 7.79274001121521 7.71227999687195 7.39090797901154 6.80680800914764 6.15650397777557 5.71647602081299 5.38329596996307 5.03110803127289 4.92465599060059 4.889232006073 4.84876799106598 4.74890400886536 4.58568001270294 4.38501601696014 4.16127600669861 4.05223200321197 3.82856399774551 3.74878801822662 3.77974803447723 3.95848798036575 3.97634399652481 3.77791201114655 3.66947999477386 3.58477201223373 3.50301601648331 3.42734402179718 3.37446000099182 3.18852001190186 3.17105999946594 3.21768000602722 3.25241998434067 3.13534801006317 3.05121599674225 3.11670000553131 3.20173200368881 3.19582801103592 3.14874001502991 3.2182920050621 3.34076400518417 3.4230960059166 3.39548399925232 3.4179479932785 3.56994000673294 3.52069199562073 3.42284401655197 3.40376400709152 3.49635601997375 3.6290159869194 3.74464799880981
-9999 -9999 -9999 -9999 -9999 -9999 9.65233039855957 9.50983201026916 9.04622399330139 8.72546394348145 8.15677205085754 7.33266000747681 6.66169201374054 6.05167201519012 5.55231600284576 5.14479601383209 5.1051239824295 5.10670803070068 5.15566802501678 5.10109201431274 4.93030803203583 4.66322401046753 4.34973599433899 4.08178801059723 4.00762800455093 3.83623203516006 3.82748402118683 3.99337200880051 4.01968798875809 3.92342398643494 3.84102001190186 3.78079203128815 3.67437599182129 3.59290797948837 3.53404801845551 3.45571202278137 3.46104001760483 3.62995200634003 3.52900799751282 3.31264801263809 3.36981600999832 3.42082798957825 3.57858000516891 3.62030400037766 3.47032799720764 3.54484800815582 3.71275199651718 3.72506400346756 3.74796000480652 3.79692000627518 3.92277599573135 3.86290800094605 3.63484798431396 3.51482402563095 3.67286400318146 3.87161998510361 4.00035598754883
-9999 -9999 -9999 -9999 -9999 -9999 -9999 10.9898109960032 10.5839639568329 9.91526396751404 8.7599880027771 7.61155200004578 6.93730800628662 6.42412800788879 5.9421960067749 5.38433998584747 5.18273994922638 5.2905959892273 5.46145199775696 5.48496001243591 5.32008000850677 5.03409600257874 4.73065199375153 4.49387997627258 4.3516800069809 3.9814199924469 4.10965198993683 4.25332798957825 4.11577201366425 4.01691600084305 3.99419997692108 3.89051998615265 3.78709201574326 3.73266001462936 3.6138600063324 3.46744801282883 3.57944399356842 3.73046400308609 3.67019999265671 3.61864796638489 3.68647199869156 3.75490802288055 3.79015201568604 3.89483998537064 3.86211599588394 4.09338000535965 3.9474359869957 3.90610797405243 3.94322398662567 3.959927983284 4.00208399534225 3.96647997379303 3.7845360159874 3.7403280043602 3.94336799383163 4.13632801294327 4.19489997386932
-9999 -9999 -9999 -9999 -9999 -9999 -9999 -9999 11.9839049816132 11.5102080154419 9.67287600517273 8.10622803211212 7.48573199748993 6.96999600410461 6.37577997207642 5.74419599533081 5.34787196159363 5.59454401493073 5.84801999568939 5.89834801197052 5.73519599437714 5.44662001609802 5.19271201133728 5.00453997135162 4.6964879989624 4.29937198638916 4.36525200843811 4.41943202972412 4.32046799182892 4.19630401611328 4.1116679930687 3.98509196996689 3.93731997489929 3.91845598220825 3.86081999540329 3.69885599136353 3.70036800146103 3.71764800071716 3.76617599487305 3.72715201854706 3.79177202701569 3.8970359992981 3.97799998044968 3.99218399047852 4.08830398082733 4.19680800914764 4.08571201324463 4.00194000720978 3.9738599896431 4.09118400096893 4.09949998855591 4.01864402294159 3.93969599246979 3.95485198020935 4.12307998657227 4.25372399330139 4.32867600440979
-9999 -9999 -9999 -9999 -9999 -9999 -9999 -9999 -9999 13.1031230779795 11.254751958847 9.34491598129272 8.56314002513886 7.99419600486755 7.29727200031281 6.64344002723694 6.23073598384857 6.33060000419617 6.54440398216248 6.54598796367645 6.27652799606323 5.87379600524902 5.52488399505615 5.32296002388 5.05335599899292 4.83066000461578 4.74695999145508 4.61422800540924 4.56411601066589 4.48304400444031 4.21300802230835 4.03653601169586 3.99689999818802 4.00089601278305 4.01774400472641 3.9264839720726 3.82294801473618 3.78298802375793 3.80512802600861 3.80052001476288 3.92054399728775 4.12718400716782 4.15346399784088 4.24691998958588 4.59165599346161 4.45989600658417 4.24926000595093 4.04460000038147 3.95481597423553 4.10734798669815 4.14968403339386 4.10029201030731 4.05050399780273 4.0695120215416 4.15346403121948 4.2724079656601 4.34566799163818
-9999 -9999 -9999 -9999 -9999 -9999 -9999 -9999 -9999 -9999 12.0869999540613 10.2737879371643 9.64591207504272 9.48167998313904 8.6735159778595 7.91200796127319 7.44544802188873 7.33809605121613 7.55942400932312 7.48872000217438 6.92024400234222 6.21266400337219 5.67007197380066 5.37080402374268 5.14047600746155 5.08370404243469 5.07722397327423 4.76438401222229 4.48743599414825 4.18118399143219 4.06580401182175 3.99315601587296 3.96295198440552 3.97907998323441 4.00456799268723 3.92320797204971 3.87241199493408 3.78504003047943 3.80934002399445 3.9143159866333 4.05478802204132 4.26693599700928 4.35034800052643 4.58812799930573 4.9349880027771 4.6159919834137 4.22236799716949 4.11764402151108 4.07790000915527 4.109256067276 4.13938803672791 4.14864005088806 4.14748800754547 4.10295600891113 4.14712803840637 4.24061997890472 4.27863597869873
-9999 -9999 -9999 -9999 -9999 -9999 -9999 -9999 -9999 -9999 11.1363942963736 10.1157840061188 10.3143600082397 10.8946440029144 9.94680004119873 8.98524000167847 8.5010759973526 8.41392000675202 8.81650797843933 8.60983201980591 7.53926400184631 6.42628800392151 5.71330800056458 5.22273603439331 4.97120398998261 4.91223599433899 4.79170803070068 4.57441198825836 4.24198798179626 3.95639998197556 3.92893197059631 3.96212398290634 3.9315239739418 3.93296396255493 3.9775319814682 3.926879966259 3.92561995983124 3.91265999317169 3.95431196928024 4.05183601617813 4.18150799751282 4.33634398937225 4.40395200252533 4.54618803024292 4.68698399066925 4.26394800662994 4.05619200229645 3.87720000267029 4.0185000038147 4.11757202148438 4.18816799640656 4.23809995651245 4.25624395370483 4.24612797260284 4.19918398857117 4.18298401832581 4.22236795425415
-9999 -9999 -9999 -9999 -9999 -9999 -9999 -9999 -9999 -9999 11.9740499854088 10.3895640182495 10.2974759674072 10.4898600101471 10.1014200019836 9.53474402427673 9.30531598091125 9.2253600025177 9.78609589576721 9.40377598762512 7.88108402729034 6.6081239938736 5.77029601097107 5.09173198699951 4.82666400432587 4.73112001419067 4.58301599502563 4.39142399787903 4.107600004673 3.91489196300507 3.91049997329712 3.97457998991013 3.8895479631424 3.88943996429443 3.96817198038101 3.99175199985504 4.06170004367828 4.149396007061 4.20285599708557 4.22071197986603 4.29490797519684 4.42440002441406 4.45712401866913 4.5854280090332 4.36658399105072 4.07840401887894 3.95567998170853 3.74904002428055 3.95863199710846 4.11930005550385 4.16721598625183 4.24817996501923 4.35405596733093 4.4088480424881 4.34804399013519 4.27600797653198 4.25397598266602
-9999 -9999 -9999 -9999 -9999 -9999 -9999 -9999 -9999 -9999 -9999 11.5238680535174 10.167696018219 9.75196800231934 9.84286805152893 9.60001198768616 9.27939600944519 9.29390400886536 9.11188800811768 8.54971199989319 7.60179599761963 6.8279759979248 6.15103198051453 5.45842798233032 5.03269197940826 4.68284399986267 4.47037201881409 4.28345999717712 4.0061879992485 3.90279596090317 3.91197595834732 3.90988795995712 3.85614000558853 3.82896003723145 3.92936398267746 4.08852003097534 4.22110797405243 4.50770401477814 4.49312403678894 4.34984399318695 4.41961202144623 4.55291996955872 4.6785599899292 4.93772400856018 4.34159999370575 4.0211640048027 3.88947600841522 3.99610801935196 4.03433999061584 4.07160001277924 4.16545199394226 4.25843997955322 4.45532399654388 4.54669199943543 4.6117799949646 4.4849519777298 4.42774801254272
-9999 -9999 -9999 -9999 -9999 -9999 -9999 -9999 -9999 -9999 -9999 -9999 12.0929040145874 11.1996359825134 10.4391360569 9.81647998809814 9.46681197166443 8.89524001121521 8.20256400108337 7.75980000019073 7.53595199584961 7.40908795833588 6.87880798816681 6.21932401180267 5.44334400177002 4.76697599411011 4.45906800746918 4.28738399982452 4.06713601827621 3.94898397684097 3.91985997676849 3.8806919503212 3.86967597723007 3.88940398693085 4.00006799697876 4.15123199462891 4.27082396030426 4.55738398551941 4.44758402824402 4.42951204776764 4.54554001331329 4.71049200534821 4.92375600337982 5.4838440322876 5.06285999774933 3.91420800924301 3.77712000370026 4.03462799549103 4.0545719909668 4.05579598665237 4.27424398899078 4.49924400806427 4.65551998615265 4.78652399539947 4.85535600662231 4.73691602230072 4.57455596446991
-9999 -9999 -9999 -9999 -9999 -9999 -9999 -9999 -9999 -9999 -9999 -9999 -9999 13.2836538461538 12.9787422357146 11.6065800189972 10.3430879974365 8.98423197746277 7.79774398803711 7.39573195934296 7.53346797943115 7.56532801628113 6.99627597332001 6.24549598693848 5.46735600948334 4.90273202896118 4.61404797554016 4.53142803192139 4.40557199478149 3.93472800731659 3.83364001989365 3.88594797134399 3.97205996990204 4.1243760061264 4.28061601161957 4.34001599311829 4.3879320192337 4.57516801357269 4.5743039894104 4.6204200220108 4.72240801811218 4.86338398456573 4.98160796165466 5.55577198982239 4.83530400753021 3.88267200946808 3.82604400634766 3.83666400671005 3.93062398910522 4.23097199201584 4.68748797893524 5.02106398582459 5.24840401649475 5.40770401477814 5.38883999824524 5.15872799396515 4.99514400959015
-9999 -9999 -9999 -9999 -9999 -9999 -9999 -9999 -9999 -9999 -9999 -9999 -9999 -9999 -9999 14.187085717589 12.2299919891357 9.73324806213379 8.27071202278137 7.56709200382233 7.25670001983643 6.88878001213074 6.5236319732666 6.14332799434662 5.49493200302124 5.07103200435638 4.80347999095917 4.69220397949219 4.55792398929596 4.07257197380066 3.94199996948242 4.04244001150131 4.26592801570892 4.56533998966217 4.73547599792481 4.77648000240326 4.79682000160217 4.94344801425934 5.18270398616791 5.26276799678802 5.15224798202515 4.96915198326111 4.85056799888611 4.93981200695038 4.1966999912262 3.71718000650406 3.63754801034927 3.89998799562454 4.37320801019669 4.82997600078583 5.54774401187897 5.78408401012421 6.01826400279999 6.23350798606873 6.23217600345612 6.07795202255249 5.94082800865173
-9999 -9999 -9999 -9999 -9999 -9999 -9999 -9999 -9999 -9999 -9999 -9999 -9999 -9999 -9999 -9999 14.2447561629831 11.1412079620361 9.53067606925964 8.65116000652313 7.84533598899841 7.18102799892426 6.74290802001953 6.38589600086212 5.87476799964905 5.36767199039459 5.06120400428772 4.8825359916687 4.73457599163055 4.45291201114655 4.20951599597931 4.39416000843048 4.73270398616791 5.06628001689911 5.310251994133 5.45439600467682 5.32047599792481 5.1622200012207 5.53262399673462 5.79909598350525 5.83657200336456 5.32015198707581 4.38519597530365 3.98951999187469 3.69104398727417 3.35285217347352 3.51796057862295 4.11604362401095 4.77283402706714 5.38136998414993 6.14520000008976 6.33089033249886 6.71683403786193 7.28670968804308 7.45595996856689 7.29309599399567 6.92989200592041
