All_rasters_2/PrimaryForest.asc
NCOLS 176 
NROWS 173 
XLLCORNER -17.5416666666667 
YLLCORNER -34.7083333333334 
CELLSIZE 0.416666666666667 
NODATA_value -9999 
[rows 84 to 111 of 173, columns 62 to 123 of 176]
-9999 -9999 -9999 0.642021390524777 0.738795397877693 0.288229606896639 0.158679900318385 0.0975803929287199 0.572028407230973 0.748776778578758 0.904656528234482 0.943830083608627 0.959374558925629 0.951823440790176 0.953149536252022 0.961802098155022 0.93044055044651 0.92290972828865 0.935701262950897 0.969079329371452 0.990734454989433 0.989464169740677 0.983436695337295 0.808148996829987 0.856066167354584 0.556639940142632 0.00842367649078369 0.0830632835626602 0.716537818312645 0.730499973893166 0.802423065900803 0.63098371386528 0.554018701612949 0.445938891172409 0.339950364679098 0.380124963372946 0.781237268447876 0.924415687918663 0.925554071068764 0.923620477318764 0.823012288808823 0.712397936582565 0.83745704293251 0.889961982369423 0.914414315223694 0.762918581068516 0.344265431631356 0.495617542564869 0.891797956824303 0.888897846341133 0.915202304124832 0.905916237831116 0.763444921970367 0.577849987179287 0.121491301209966 0 0 0 0 0 0 0
-9999 -9999 -9999 0.453328184783459 0.791362431645393 0.618782469630241 0.411904074251652 0.0748355249404925 0.592315137013793 0.87706570327282 0.966338473558426 0.982947620749474 0.960772544145584 0.969105833768845 0.978702285885811 0.959185793995857 0.972876766324043 0.954265284538269 0.900774821639061 0.933905449509621 0.956618934869766 0.974601730704308 0.986291098594666 0.830600878596306 0.470393285155296 0 0.0843431115150452 0.835368469357491 0.823904827237129 0.803705137968063 0.790152862668037 0.775994309782982 0.766618368029594 0.893214613199234 0.828118753433227 0.729210478067398 0.732757017016411 0.834164211153984 0.888577085733414 0.880719140172005 0.794220873713493 0.692713660001755 0.817425236105919 0.856416022777557 0.829809644818306 0.768833085894585 0.83552550971508 0.861167007684708 0.899406284093857 0.916847318410873 0.941818180680275 0.894364729523659 0.603844361007214 0.282519851775209 7.51217588137837e-10 0 0 0 0 0 0 0
-9999 -9999 -9999 0.767395730316639 0.90544267475605 0.822181383371353 0.722781309485436 0.692086660116911 0.882533124238253 0.954691597819328 0.981162640452385 0.985914725661278 0.981158512830734 0.979139606952667 0.986497633457184 0.986386758089066 0.981051533222199 0.936773800253868 0.90281552374363 0.911718055009842 0.951914392709732 0.899442490935326 0.913280934691429 0.853212044239044 0.834386539459228 0.744101337790489 0.813708018064499 0.859448990225792 0.879432455301285 0.871001166701317 0.89765899181366 0.877614740729332 0.877150095701218 0.870483782887459 0.8514835947752 0.8420803129673 0.65508154630661 0.690837302207947 0.772821105718613 0.815682649612427 0.76631537437439 0.772810339331627 0.885322579741478 0.919676758646965 0.900973054170608 0.799123519659042 0.671711750030518 0.779137101173401 0.828382855653763 0.820528079867363 0.805062086582184 0.0856067091226578 0.317722012201106 0.0141283301504015 5.20702319614853e-22 0 0 0 0 0 0 0
-9999 -9999 -9999 0.727488267421722 0.948516037464142 0.914477579593658 0.906734490394592 0.843257987499237 0.93269883275032 0.957758486270905 0.976822011470795 0.981383156180382 0.981194615364075 0.966781535148621 0.984019010066986 0.988736024498939 0.976271426677704 0.857855295538902 0.899081870913506 0.933014422059059 0.947968736886978 0.836832049489021 0.913392055630684 0.433124928474426 0.569435760378838 0.906355010867119 0.890676863789558 0.853100854158402 0.885414989590645 0.907208973169327 0.921818628907204 0.914029838442802 0.865839313864708 0.752519369125366 0.738914219141007 0.842511176466942 0.665060997009277 0.584328091740608 0.654204965829849 0.854353907704353 0.507218087241634 0.74016976505518 0.873045629262924 0.918486773371696 0.897424802184105 0.853067776560783 0.879024599194527 0.906095306277275 0.881390517950058 0.69869389295578 0.241473677158356 0 0.0821526559232025 2.02491743372946e-10 0 0 0 0 0 0 0 0
-9999 -9999 -9999 0.47590746358037 0.888077738136053 0.976145282387733 0.976884141564369 0.959444025158882 0.974374613165855 0.970929533243179 0.94741547703743 0.954505637288094 0.984656393527985 0.980984297394752 0.976130506396294 0.972048342227936 0.907985252141952 0.716768032312393 0.852146372199059 0.789745065569878 0.950123038887978 0.814397349953651 0.897195717692375 0.559173336625099 0.662765696644783 0.91967316865921 0.89393405020237 0.913462415337563 0.92060894370079 0.907976090908051 0.891893535852432 0.910327506065369 0.862133222818375 0.791020855307579 0.721354529261589 0.876051452755928 0.855991378426552 0.637204453349113 0.541501241922379 0.63591693341732 0.158503954524539 0.599926821924073 0.852523967623711 0.939259240031242 0.94022778570652 0.886871352791786 0.921602964401245 0.911289632320404 0.678600013256073 0.327297139167786 0 0 0 0 0 0 0 0 0 3.04243331916698e-12 1.84494546376368e-10 3.38564759561066e-11
-9999 -9999 0.197651583920507 0.695705012232065 0.69752983763814 0.881282005608082 0.875154531002045 0.75967797473073 0.827092923671007 0.960187247395515 0.978676707148552 0.981575096845627 0.978671556711197 0.971743404865265 0.946412215232849 0.859066674113274 0.719671567082405 0.589139384031296 0.825537475943565 0.899960640072823 0.958018351793289 0.860676473379135 0.871092849969864 0.830750196576118 0.867080944776535 0.894495247006416 0.863328644633293 0.871315535902977 0.878386400938034 0.877740473747253 0.850328648090363 0.862650510668755 0.88427457511425 0.850834172964096 0.872372598648071 0.905855419039726 0.785054564476013 0.526508124768734 0.541208581328392 0.804475861787796 0.705198933340474 0.537839314348861 0.902475532889366 0.941398178935051 0.932416599988937 0.881283989548683 0.911571432352066 0.731535112857819 0.311843746900558 0 0 6.00790250882e-12 1.201580501764e-12 0 0 0 0 0 5.24179137595393e-12 1.27022563968533e-12 1.54249079094765e-06 2.73363300169661e-07
-9999 -9999 0.548385712994288 0.847315409779549 0.6038201379776 0.757898040413857 0.947870925068855 0.827682548314333 0.800435274988413 0.933058348298073 0.977091240286827 0.976639366745949 0.969703879952431 0.954513937830925 0.775495851933956 0.84436043202877 0.750417521744966 0.442693027108908 0.723857109248638 0.898527260422707 0.940343732833862 0.819014140963554 0.805869205594063 0.832486315965652 0.914828324317932 0.8826204007864 0.881648841500282 0.88525013923645 0.860024316906929 0.812256420850754 0.759471541643143 0.804706027507782 0.803789479732513 0.82565943300724 0.857899122834206 0.861925277709961 0.598346793651581 0.27567126005888 0.594923647046089 0.871568730473518 0.676906095147133 0.610420973300934 0.852423712611198 0.875780771374702 0.915709214806557 0.920482757687569 0.920467282533646 0.274261617064476 0.0473328053951263 0.0534008121490478 0.00915655016899109 6.01425576211129e-12 1.20285115242226e-12 0 0 0 0 0 0 -9999 -9999 1.4090726691512e-11
-9999 0.186152789741755 0.51518402993679 0.519541550427675 0.476158119738102 0.845899944007397 0.978989377617836 0.964571928977966 0.949145275354385 0.975758641958237 0.887125793099403 0.914807069301605 0.888367459177971 0.791597083210945 0.211672783643007 0.459343377500772 0.399726561456919 0.401277054101229 0.606292076408863 0.836571690440178 0.873392349481583 0.659294851124287 0.767783059179783 0.699217927455902 0.890331402420998 0.905624225735664 0.902364701032639 0.914128869771957 0.909950685501099 0.901857134699821 0.878770083189011 0.846634215116501 0.819288149476051 0.662244945764542 0.65100319981575 0.671298772096634 0.606805577874184 0.45359505712986 0.734669360518456 0.831215023994446 0.792377832531929 0.722564497590065 0.861667141318321 0.785174682736397 0.841939494013786 0.930452510714531 0.945900624990463 0.282660922408104 0.473187252879143 0.549550374597311 0.119686529785395 0 0 0 0 0 0 -9999 -9999 -9999 -9999 -9999
-9999 0.211286667917596 0.474514449387789 0.811101628094912 0.887300676703453 0.825291436910629 0.967806068062782 0.976967175006866 0.971187344789505 0.882531234622002 0.900244081020355 0.769411618411541 0.625912223756313 0.448058868050576 0.02142184406519 0.315061372518539 0.458497309684753 0.619538113772869 0.405543015897274 0.726178960800171 0.582629983127117 0.7289152815938 0.915171618759632 0.878968157172203 0.874009129405022 0.89217933177948 0.903068486452103 0.914076569676399 0.931814538836479 0.933941740393639 0.928488332033157 0.908878324627876 0.89695170879364 0.828912648558617 0.799162306189537 0.734715939164162 0.767253765463829 0.815023263096809 0.862250714302063 0.853149488568306 0.816639407277107 0.780077158808708 0.816358372569084 0.853613700270653 0.908586197495461 0.896096059679985 0.171816848516464 0.0285103636980057 0.406696718931198 0.380030193775892 0.0147807557880878 0 0 0 0.0625380434095859 0.174548372626305 0.113014316558838 -9999 -9999 -9999 -9999 0
-9999 -9999 0.36713844894742 0.762026381492615 0.874250221252441 0.725525418519974 0.800072905421257 0.939172827005386 0.950824953317642 0.955832228064537 0.959830530881882 0.709835596382618 0.271026469767094 0.342701060771943 0.0152577312290675 0.227888306975365 0.372123712897301 0.539725658148527 0.245384084433317 0.607320868372917 0.753899397552013 0.937693664431572 0.91039956510067 0.756751230359077 0.668924802541733 0.880649444460869 0.915267122983933 0.911460691690445 0.921731492877007 0.928788371086121 0.931179395318031 0.929074203968048 0.921891268491745 0.903806081414223 0.88500050842762 0.882441449165344 0.873769801855087 0.845835979580879 0.90111130297184 0.896711811423302 0.848668614625931 0.848328008651733 0.814233162999153 0.853044200539589 0.904495691657066 0.926791578531265 0.0935098338127136 0.448214314579964 0.645894166827202 0.345157635826114 0.0628481966438326 0 0 0 0.070866234600544 0.145508435666561 0.0647332540580205 -9999 -9999 -9999 0 0
-9999 -9999 0.341934908838833 0.777906373143196 0.958865961432457 0.903167143464088 0.356409770436585 0.621740275062621 0.86927270591259 0.969703450798988 0.905203402042389 0.899211072921753 0.720315456390381 0.555765920877457 0.115502417832613 0.239947948604822 0.275453252345324 0.315354075282812 0.260227557271719 0.524834495782852 0.840398550033569 0.915542781352997 0.911357337236404 0.807439908385277 0.658383071422577 0.866490894556046 0.885721477866173 0.926608681678772 0.943511000275612 0.947845816612244 0.934514656662941 0.934143126010895 0.935532999038696 0.915641456842422 0.890489718317986 0.897355976700783 0.895061016082764 0.866245213150978 0.881877502799034 0.936313197016716 0.875222206115723 0.899116745591164 0.906198889017105 0.912482109665871 0.936031731963158 0.938125103712082 0.515676099061966 0.47106100320816 0.598067030310631 0.298401150265976 1.58591739740643e-10 0 0 0 0.0430553071200848 0.0892786160111427 0.0665644550552735 -9999 -9999 0 0 0
-9999 -9999 -9999 0.575712807084385 0.892770065069199 0.671952365040779 0.447949875332415 0.121746365614241 0.494168565869333 0.828491623699665 0.874363027215004 0.949835649132729 0.8725377202034 0.58186392724514 0.248292048275471 0.340753024071455 0.383909637778997 0.414997366964817 0.281680026650429 0.815052517950535 0.903066771626472 0.892021164298058 0.858676880002022 0.871835150122643 0.818835133314133 0.913785873055458 0.886816787719727 0.910387423634529 0.930104773044586 0.943316482901573 0.943799987435341 0.944474794268608 0.940010004043579 0.908666580915451 0.882614578604698 0.891091805100441 0.873241433501244 0.877167240977287 0.879529715776443 0.945778346061707 0.896234968900681 0.879189787507057 0.871192675828934 0.847458769381046 0.795140877664089 0.830970329046249 0.863904962539673 0.26893915772438 0.297105224430561 0.0767633751170689 2.56695901201809e-10 0 0 0 0 0.0653751727938652 0.11668073438108 0 0 0 0 0
-9999 -9999 -9999 -9999 0.424213572822768 0.555221645561653 0.355679959941889 0.395138599574572 0.0836590154469036 0.62198980525136 0.67228767812252 0.899738080501556 0.876338815689087 0.673791894316673 0.364257487952709 0.298305210471153 0.350100474655628 0.322363815903664 0.441297610104084 0.841346549093723 0.825668867230415 0.806694823503494 0.792200921773911 0.813136498332024 0.80521425306797 0.910628268718719 0.927346035838127 0.905386638641357 0.935794268250465 0.937145106196403 0.914789295196533 0.937524445056915 0.917214628458023 0.898476877808571 0.872803610563278 0.862697793245316 0.824265515804291 0.861438902616501 0.895999733805656 0.895680764317513 0.807872349619865 0.806376805305481 0.532409715652466 0.800288036763668 0.711180071532726 0.702340203523636 0.788084728717804 0.273008103966713 0.304877166450024 0.237057868242264 0.0123521297620864 0 0 0 0 0 0 0 0 0 0 0
-9999 -9999 -9999 -9999 -9999 0.387865446153141 0.637098174542189 0.350345716252923 0.160583073273301 0.222340947017074 0.607547049596906 0.827074721455574 0.848065108060837 0.808593322336674 0.399895790219307 0.311583131551743 0.320188765227795 0.36480561196804 0.397076234221458 0.787618593871593 0.790286242961884 0.607451871037483 0.685875046253204 0.710371199250221 0.738004773855209 0.789465716481209 0.887417522072792 0.927281841635704 0.919578221440315 0.923862588405609 0.91152435541153 0.905940702557564 0.884058466553688 0.87515464425087 0.873598769307137 0.74376218020916 0.575397536158562 0.609839597344399 0.762997728586197 0.785821706056595 0.727818495035171 0.738588267564774 0.720157101750374 0.752711367607117 0.65376749932766 0 0 0.458873072266579 0.891009762883186 0.641801764070988 0.121558673679829 0 0 0 0 0 0 0 0 0 0 0
-9999 -9999 -9999 -9999 -9999 -9999 0.532740684492247 0.866581018343568 0.56943038739264 0.225295902881771 0.143215786833316 0.532760125398636 0.440306259691715 0.320374407758936 0.103518907865509 0.265970125049353 0.386652047038078 0.404191952645779 0.491703735291958 0.788656867444515 0.784997880458832 0.690954965353012 0.658039498925209 0.668140283823013 0.624518623948097 0.66977802336216 0.85572044312954 0.943570199608803 0.919648097157478 0.918399848937988 0.895151594281197 0.855232647061348 0.839755755662918 0.862195581197739 0.88361954331398 0.764492121338844 0.425282949209213 0.466583710312843 0.642199463248253 0.704393491148949 0.704188842773438 0.731048882007599 0.78441966176033 0.672178280949593 0.733407129049301 0.67007597386837 0.765708809494972 0.828607094883919 0.771257236599922 0.458707827329636 0.01195960521698 0 0 0 0 0 0 0 0 0 0 0
-9999 -9999 -9999 -9999 -9999 -9999 -9999 0.294186347342552 0.249261329770088 0.0851431734859943 0.00866492271423342 0.0516534427484791 0.103423853953262 0.0251131912696721 0.07680959765721 0.0901882395148277 0.106464041494813 0.308512891250289 0.542518550157547 0.670296684503555 0.662573284506798 0.671349596977234 0.678962792754173 0.504281833544374 0.339088547602296 0.363138968646526 0.547377146482468 0.627686551213264 0.877302657365799 0.878470431566238 0.836062583327293 0.784847902059555 0.764510728120804 0.80718837082386 0.787101884484291 0.71786062002182 0.753379493951797 0.663778368830681 0.405954179763794 0.491261856257916 0.703409878313541 0.806013596653938 0.615874633193016 0.464548543095589 0.544981327652931 0.638068908452988 0.823688278198242 0.799533297419548 0.703877857327461 0.451001695990562 0 0 0 0 0 0 0 0 0 0 0 0
-9999 -9999 -9999 -9999 -9999 -9999 -9999 -9999 0 0 0 0.0179139211773872 0.0204624608159065 0.0775464173406362 0.232793565839529 0.161663595587015 0.171750831604004 0.442264111340046 0.730950638651848 0.643897247314453 0.626394689083099 0.647066906094551 0.607816731929779 0.358825090900064 0.135961601510644 0.245443354547024 0.415094818174839 0.550548665225506 0.756316769123077 0.751087945699692 0.787812665104866 0.710925045609474 0.726706546545029 0.854425340890884 0.790835148096085 0.786524617671967 0.872941508889198 0.879623764753342 0.605294072628021 0.505041658878326 0.642713379859924 0.770982825756073 0.491201221942902 0.200767010450363 0.171267631649971 0.286026492714882 0.400396719574928 0.448079696297646 0.571104928851128 0.499947598576546 0 0 0 0 0 0 0 0 0 0 0 0
-9999 -9999 -9999 -9999 -9999 -9999 -9999 -9999 -9999 0 0 0 0 0 0.0493612909317017 0.492142629623413 0.28992187127471 0.43653060823679 0.752076265215874 0.71673474252224 0.744012334048748 0.617305593192577 0.554356567263603 0.410185005962849 0.303250135481358 0.282551797628403 0.540790471434593 0.506713345646858 0.739532465934753 0.750465518832207 0.775188606977463 0.59111795425415 0.485556101202965 0.582407733798027 0.741099501252174 0.798352531194687 0.735786625742912 0.767636015415192 0.654263949394226 0.592422054708004 0.688945625722408 0.563519147634506 0.228755465149879 0 0 0 0 0 0.268990117311478 0.380270947217941 -9999 0 0 0 0 0 0 0 0 0 0 0
-9999 -9999 -9999 -9999 -9999 -9999 -9999 -9999 -9999 0 0 0 0 0 0.0635422921180725 0.609031590819359 0.217475452870131 0.532211429476738 0.722421315312386 0.764594367146492 0.80798651188612 0.632389070093632 0.603000555634499 0.531543443500996 0.504985989630222 0.497104974389076 0.603505633175373 0.534699474275112 0.541205049753189 0.577784098386764 0.681146737933159 0.662665714621544 0.666018660366535 0.369298924505711 0.709103181958199 0.728632792830467 0.843565729260445 0.740383949875832 0.709202308058739 0.662728077173233 0.56800858259201 0.173041496872902 0 0 0 0 0 0 0 0 0 0 0 0 0 0 0 0 0 0 0 0
-9999 -9999 -9999 -9999 -9999 -9999 -9999 -9999 -9999 0 0 0 0 0 0.0521310061216354 0.52464647591114 0.386640354990959 0.698434445261955 0.767583057284355 0.717471554875374 0.804423344135284 0.697805464267731 0.711531865596771 0.57137541025877 0.593781895935535 0.58421860486269 0.528712026774883 0.724608018994331 0.645277063548565 0.523447079956532 0.642402589321136 0.775442409515381 0.683159367740154 0.236259140074253 0.292520856112242 0.53255649805069 0.615625977516174 0.73004335463047 0.751291900873184 0.66628722846508 0.0681414425373077 0 0 0 0 0 0 0 0 0 0 0 0 0 0 0 0 0 0 0 0 0
-9999 -9999 -9999 -9999 -9999 -9999 -9999 -9999 -9999 -9999 0 0 0 0 0.00445318222045898 0.0443067908287048 0.34731228530407 0.459829551577568 0.410461916774511 0.254103171378379 0.649027852118015 0.787411999702454 0.795016713142395 0.691406022906303 0.648322457075119 0.632790085375309 0.679903940856457 0.681548011302948 0.65375324100256 0.583554289340973 0.594644506275654 0.530434095859528 0.455725912302732 0.0988014746457338 0.0199682358652361 0.292973695695401 0.292110486328602 0.411673729419708 0.601426882743835 0.0652256399393082 0.00652121663093567 0 0 0 0 0 0 0 0 0 0 0 0 0 0 0 0 0 0 0 0 0
-9999 -9999 -9999 -9999 -9999 -9999 -9999 -9999 -9999 -9999 0 0 0 0 0 0 0.331037564277649 0.429687844216824 0.346720229834318 0.376584008187056 0.607063473761082 0.77534231543541 0.809414787888527 0.87072232067585 0.826693150401115 0.713654128909111 0.789810014367104 0.810986462235451 0.776160572767258 0.728584081232548 0.510491044819355 0.506367029547691 0.540729477852583 0.414503218606114 0.234500446245075 0.46145474344492 0.35968713760376 0.361410916149616 0.536890606284142 0 0 0 0 0 0 0 0 0 0 0 0 0 0 0 0 0 0 0 0 0 0 0
-9999 -9999 -9999 -9999 -9999 -9999 -9999 -9999 -9999 -9999 -9999 0 0 0 0 0 0.352167230844498 0.539426927268505 0.461523957550526 0.363712215423584 0.328526228666306 0.792727187275887 0.818731868267059 0.924566388130188 0.925586730241776 0.895713764429092 0.790935686230659 0.692713007330894 0.60288170427084 0.761424224078655 0.714994832873344 0.642287692427635 0.545888730883598 0.630228608846664 0.675493332743645 0.77858764231205 0.55131383985281 0.523391883075237 0.548091128468513 0 0 0 0 0 0 0 0 0 0 0 0 0 0 0 0 0 0 0 0 0 0 0
-9999 -9999 -9999 -9999 -9999 -9999 -9999 -9999 -9999 -9999 -9999 0 0 0 0 0 0.313489370942116 0.669752112030983 0.558749370276928 0.261281688511372 0.0394710558652878 0.498864734172821 0.860880887508392 0.88971744954586 0.943352401256561 0.927117136716843 0.828168146312237 0.513992838561535 0.4312549290061 0.558244643509388 0.574982708692551 0.487527301609516 0.444786778390408 0.66017801463604 0.689651354551315 0.839588975310326 0.692735150456429 0.601441642045975 0.596802873015404 0.205258172750473 0.0209738105535507 0 0 0 0 0 0 0 0 0 0 0 0 0 0 0 0 0 0 0 0 0
-9999 -9999 -9999 -9999 -9999 -9999 -9999 -9999 -9999 -9999 -9999 0 0 0 0 0 0 0.47908310174942 0.383138272166252 0 0 0 0.771912857294083 0.845252248048782 0.892033472657204 0.927559924721718 0.798806476891041 0.552793438732624 0.494712757468224 0.562547453641892 0.566302898526192 0.431937288343906 0.592952389419079 0.754747557640076 0.663491805791855 0.775534430742264 0.712278482317924 0.642309141755104 0.648748909235001 0.68054823577404 0.0702506279945374 0 0 0 0 0 0 0 0 0 0 0 0 0 0 0 0 0 0 0 0 0
-9999 -9999 -9999 -9999 -9999 -9999 -9999 -9999 -9999 -9999 -9999 -9999 0 0 0 0 0 0.304689460992813 0.275722786784172 0 0 0 0.491288807988167 0.738821613788605 0.729626148939133 0.812989586591721 0.746987590193748 0.56070900708437 0.471691118180752 0.515974581241608 0.618319764733315 0.474689291417599 0.554452957212925 0.836423724889755 0.77953514456749 0.798414787650108 0.78999562561512 0.736220997571945 0.744157308340073 0.712419167160988 0.072391140460968 0 0 0 0 0 0 0 0 0 0 0 0 0 0 0 0 0 0 0 0 0
-9999 -9999 -9999 -9999 -9999 -9999 -9999 -9999 -9999 -9999 -9999 -9999 0 0 0 0 0 0.0308835589885712 0.0243636131286621 0 0 0 0.0397961783409119 0.482487487196922 0.604059019684792 0.798103655576706 0.698382729291916 0.572377048432827 0.495045116841793 0.504723924994469 0.546884299814701 0.472633456885815 0.597534157633781 0.874126291275024 0.866535919308662 0.893477346301079 0.853972509503365 0.721430986523628 0.753930146098137 0.752456012368202 0.0748825234174728 0 0 0 0 0 0 0 0 0 0 0 0 0 0 0 0 0 0 0 0 0
-9999 -9999 -9999 -9999 -9999 -9999 -9999 -9999 -9999 -9999 -9999 0 0 0 0 0 0 0 0 0 0 0 0 0.131237225532532 0.514447155594826 0.897147918343544 0.709432976841927 0.50513871461153 0.492329091131687 0.520486005246639 0.317479845881462 0.25334728717804 0.709756508171558 0.896177670359611 0.816609318852425 0.886993053555489 0.834675458073616 0.712983808517456 0.764349576234817 0.811219957470894 0.0823893064260483 0 0 0 0 0 0 0 0 0 0 0 0 0 0 0 0 0 0 0 0 0
