All_rasters_2/SecondaryForest.asc
NCOLS 176 
NROWS 173 
XLLCORNER -17.5416666666667 
YLLCORNER -34.7083333333334 
CELLSIZE 0.416666666666667 
NODATA_value -9999 
[rows 81 to 107 of 173, columns 61 to 121 of 176]
-9999 -9999 -9999 -9999 0.184321451400008 0.352952592819929 0.210458459407091 0.177733512222767 0.300411684662104 0.304752927273512 0.311213310062885 0.14674762584269 0.101568104736507 0.0795891741290689 0.0726748947054148 0.0703284742683172 0.0717483546584845 0.07222506262362 0.0412258590385318 0.0643673025071621 0.0332893305830657 0.014418291663751 0.0151487396826269 0.0183964008209296 0.0741407417599112 0.123331232834607 0.14306938894093 0.0929065143316984 0.105533633753657 0.092692558541894 0.080395770072937 0.0837575014680624 0.0756407820805907 0.0809907322004437 0.124098517373204 0.136161393597722 0.0935933841764927 0.128100838512182 0.151876156106591 0.0715954625979066 0.0868533033877611 0.100228062234819 0.0984688887745142 0.0867913376539946 0.08723887052387 0.107516779117286 0.0982238620519638 0.0897021114826202 0.0982485922425985 0.0910646326839924 0.0968770578503609 0.0977364812791348 0.0765678461641073 0.0814553818851709 0.11443453386426 0.143273538351059 0 0 0 0 0
-9999 -9999 -9999 -9999 -9999 0.27954621501267 0.148498560115695 0.254867400974035 0.204882201552391 0.208309590816498 0.330091007053852 0.17030308060348 0.108231063373387 0.0539976675063372 0.0788136528804898 0.0733779542148113 0.0692051034420729 0.0678409188985825 0.056268515996635 0.0507438890635967 0.0398127546533942 0.00434929179464234 0.00837642528495053 0.0113905361504294 0.0268050641287118 0.0822286927141249 0.235736851394176 0.325496990978718 0.353160567581654 0.162960235029459 0.146512013301253 0.179766178131104 0.121889231167734 0.109118499048054 0.28171112947166 0.251982003077865 0.127779605612159 0.106892550364137 0.114730953983963 0.0619509451091289 0.0894782207906246 0.0883138032630086 0.0950725249946117 0.129937071353197 0.0826263068243861 0.098314074985683 0.211459247395396 0.260668528079987 0.118528489768505 0.101248381659389 0.109355693683028 0.102228040248156 0.129031782969832 0.104815922677517 0.169442542642355 0.161942876875401 0 0 0 0 0
-9999 -9999 -9999 -9999 0.0199860714375973 0.220747250989079 0.208310932666063 0.332664327323437 0.24365530565381 0.156969799250364 0.143738812953234 0.153960160166025 0.113865152448416 0.0574806371703744 0.0737114540114999 0.0766811762750149 0.0697738338261843 0.0678148397803307 0.0691842805594206 0.0668460961431265 0.0247366527107079 0.00187811512936605 0.00860394572810037 0.00999104765243828 0.0302175531163812 0.120483355037868 0.176430595368147 0.326923115849495 0.240265011787415 0.239559848383069 0.180247997418046 0.147572055459023 0.132213819250464 0.310344310775399 0.554856851696968 0.378760170191526 0.224125723019242 0.147167729213834 0.113435363061726 0.0522865902259946 0.0632315089926124 0.105993707738817 0.110344725772738 0.113860514014959 0.0988175542652607 0.0971005354821682 0.270355809479952 0.416151459515095 0.201944036930799 0.145830163732171 0.12785462744534 0.0997220353037119 0.0926704846322536 0.0934411012381315 0.144416423738003 0.162761846184731 0 0.0245170104503632 0.157383352518082 0.00695966005325317 0
-9999 -9999 -9999 -9999 0.0590901992029764 0.17181887164712 0.421113372594118 0.394778367131948 0.184083976633847 0.0582399766147137 0.0630086746066809 0.0799886623956263 0.0558518724143505 0.0356569587951526 0.0328323234664276 0.0360417779255658 0.0346719214692712 0.0538036929257214 0.0689454455301166 0.0618711777031422 0.0254628423985559 0.00640846589929424 0.00927063883282244 0.0118500902946107 0.0570631699264049 0.070634438470006 0.0518606793880463 0.000755242854356766 0.00700885690748692 0.125256684347987 0.151431379765272 0.10723484903574 0.18121609121561 0.210488396957517 0.307504853978753 0.401530951708555 0.336298620402813 0.124000327289104 0.0688341470807791 0.0574910423159599 0.0623996766284108 0.128472417034209 0.179676313921809 0.130604875460267 0.088733716905117 0.0741083885729313 0.169240069389343 0.443482638597488 0.352803717106581 0.105314598977566 0.0974302681908011 0.0816653608158231 0.085863196849823 0.0887936724722385 0.134401151537895 0.135849766433239 0 0.0772779965400696 0.497243624925613 0.0221707284450531 0
-9999 -9999 -9999 -9999 0.0692154469434172 0.10549144744873 0.189202671870589 0.344285812228918 0.197328559309244 0.0439083876088262 0.022923584561795 0.0192536117974669 0.0155079479794949 0.0178199819056317 0.00916673934552819 0.00991232651285827 0.017135065048933 0.0232297479175031 0.0306861920282245 0.0523783406242728 0.0311881056986749 0.00716953790397383 0.00496287902933545 0.00856670922366902 0.0525763366371393 0.0292346570640802 0 0.00819127336144447 0.0840619057416916 0.0792535282671452 0.100579883903265 0.12313517741859 0.16091134659946 0.178585972264409 0.0780033133924007 0.0924800977110863 0.141026229038835 0.15137055143714 0.110814912989736 0.0817420404404402 0.0942966211587191 0.0906359475106001 0.10117990411818 0.0879841223359108 0.0832197193056345 0.0894810788333416 0.191752318292856 0.143235643208027 0.129311760887504 0.100593728944659 0.0803304182365537 0.0555068584159017 0.0674448143690825 0.114689944311976 0.242685021460056 0.119836747646332 0 0 0 0 0
-9999 -9999 -9999 -9999 0.105804367363453 0.0769525442272425 0.108761014118791 0.227512837201357 0.127201593536884 0.0372290579415858 0.019903904851526 0.0167483555804938 0.0119003962073475 0.012346365628764 0.00458868740359321 0.0054501714440994 0.0097070527728647 0.0167806309834123 0.0250976577959955 0.0362878371030092 0.0360361255891621 0.0131088646117132 0.00966447370010428 0.0174331042729318 0.0609026328474283 0.0675573315471411 0.0672859606146812 0.0662000095099211 0.0957997675985098 0.083979339748621 0.0910501176863909 0.0901895727962256 0.103412438631058 0.0998581735789776 0.0878350585699081 0.0894405283033848 0.1080714610219 0.200556102395058 0.206758357435465 0.152765801027417 0.145273902639747 0.092947152107954 0.0808196236938238 0.0624318057671189 0.057491395957768 0.0680121038854122 0.172359117120504 0.260632310211659 0.191353804990649 0.164724059030414 0.140730474814773 0.070375477746129 0.00745807401835918 0.242617705464363 0.183745937347412 0.00130322277545929 0 0 0 0 0
-9999 -9999 -9999 -9999 0.0458626046776772 0.0394102892652154 0.0426698168925941 0.0486642364412546 0.0314427033811808 0.0215384148061275 0.0179261107929051 0.0154469839856029 0.00987003741785884 0.00630190109368414 0.00750882076798007 0.0078897077194415 0.0112639695871621 0.0161850824393332 0.0229999927617609 0.0229357433505356 0.0321227206103504 0.0188482569064945 0.0142793348524719 0.0240552749205381 0.0286179762706161 0.0420976851135492 0.0623696972429752 0.0763201788067818 0.0996193300932646 0.0816394951939583 0.0749625846743584 0.0752132244408131 0.0833579032868147 0.0930728362500668 0.136912754178047 0.129959956482053 0.0961924241483211 0.171740166842937 0.219428856819868 0.18246352404356 0.118583427742124 0.281970164403319 0.12230250865221 0.0815199449658394 0.0571324881538749 0.0599388253316283 0.0997072769328952 0.095271406956017 0.0865939054638147 0.105939403176308 0.0841507678478956 0.025145490244031 0 0.0815101674199104 0.0532920062541962 0 0 0 0 0 0
-9999 -9999 -9999 -9999 0.0346649782732129 0.020679524820298 0.0212613364681602 0.0204593669623137 0.0184587347321212 0.0170421863906085 0.0152327748946846 0.0186007780954242 0.0121665197424591 0.0122994178673252 0.0166772000258788 0.0206743359565735 0.023938603233546 0.0275250750593841 0.0320203696377575 0.0201445296406746 0.0218505911529064 0.0296019801404327 0.0163275236263871 0.0236356903333217 0.0306957999244332 0.0361937340348959 0.0591341577470303 0.0805452130734921 0.0769519228488207 0.07359220944345 0.0787443555891514 0.0794921591877937 0.0804599441587925 0.0867564797401428 0.119755243882537 0.140854763239622 0.0841568887233734 0.0881297793239355 0.190711425617337 0.234631610661745 0.174476098269224 0.521110124886036 0.247478355467319 0.093780729919672 0.0536524340510368 0.0554169129580259 0.0563528435304761 0.0613798474892974 0.0793180115520954 0.0619964879006147 0.0164640419185162 0 0 0 0 0 0 0 0 0.17209637761116 0.156478008627892
-9999 -9999 -9999 0.00943989358732806 0.0220854733139276 0.0286241858825088 0.0266511487402022 0.0212287784554064 0.024831929076463 0.0228492529131472 0.0197419863194227 0.0204880972020328 0.0170342344604433 0.0165774087887257 0.0207669817563146 0.0292347072064877 0.0470041189342737 0.0567885746993124 0.0640047533623874 0.0216754890047014 0.017398078199476 0.0162504002940841 0.0186283472925425 0.025404747761786 0.0508530953526497 0.0621443627402186 0.0728493819385767 0.10785353012383 0.110207629203796 0.107350294739008 0.0994522800296545 0.106051576137543 0.0923323448002338 0.0780835531651974 0.10256356112659 0.0919189414381981 0.0847183235734701 0.15541567094624 0.294520452991128 0.269396497011185 0.118571403622627 0.177454004436731 0.245524794608355 0.081449817866087 0.0547607693076134 0.0555496782809496 0.0659320749342442 0.0605412901937962 0.0566362413018942 0.0371996264904737 0 0.0117188000679016 0.143929749727249 0.0170671498775482 0 0 0 0 0 0.112785639166832 0.110090779541414
-9999 -9999 -9999 0.0236192955699277 0.0241743692196906 0.0389594488218427 0.040730734821409 0.0179515011608601 0.0211221093125641 0.0226540509425104 0.0200019804760814 0.0189453890174627 0.0164472555555403 0.017103922739625 0.0206708686798811 0.0399264353141189 0.0384817138314247 0.0401344196125865 0.0725675766542554 0.0399373316206038 0.0105121646868065 0.0142409848165698 0.0219019471667707 0.0264211586862803 0.0505779525265098 0.0540825713425875 0.0752949248626828 0.092311851978302 0.0918397203087807 0.114516579285264 0.140918525755405 0.163460919633508 0.138370845392346 0.133352152109146 0.135951947048306 0.112986408248544 0.123015265166759 0.313143058121204 0.523909896016121 0.28965438619256 0.108728118613362 0.181491039171815 0.219672482833266 0.0849224278703332 0.0602900540828705 0.0553249406442046 0.0733458066359162 0.076276344768703 0.0257378985732794 0.00257473215460777 0.0222997997701168 0.0484010303020477 0.378832107782364 0.0600970458984375 0 0 0 0 0 0 -9999
-9999 -9999 0.0117702749557793 0.0265747337602079 0.028762701433152 0.045554309245199 0.0357741499319673 0.0184014784172177 0.0154515331611037 0.0150362716056406 0.019791635684669 0.0217233338393271 0.0206086587160826 0.0187277351506054 0.0279621698893607 0.0477771809324622 0.0354176117107272 0.0375149445608258 0.0524351882748306 0.0389267136342824 0.0174390414264053 0.0187116533052176 0.0301026022061706 0.0411288158036768 0.0435717236250639 0.057923560962081 0.0634667137637734 0.0808655008673668 0.0782101787626743 0.0767353504896164 0.0803514651954174 0.087110286578536 0.0983118519186974 0.12132852114737 0.23489198833704 0.237982667982578 0.225366194546223 0.286105096340179 0.396283196657896 0.218392734974623 0.157099841162562 0.146823804453015 0.194457637146115 0.0897072870284319 0.0678051441907883 0.0596341751515865 0.058094684034586 0.0540856830775738 0.0173253770917654 0.0223859269171953 0.213693516328931 0.394023326039314 0 0 0 0 0 0 -9999 -9999 -9999
-9999 -9999 0.012146063271116 0.0236899742856622 0.0218527359422296 0.016603816524148 0.0302695716638118 0.0200180576182902 0.0179833449050784 0.0175247797928751 0.0190563119016588 0.0197989688441157 0.0237856188043952 0.0297986917197704 0.0232944457764097 0.0204333672924258 0.0186980927828699 0.0265047798119485 0.0248737632110715 0.049403088260442 0.0282551047671586 0.0375227578449994 0.0544659238308668 0.0582313062623143 0.0854761325567961 0.100965904258192 0.0846529871970415 0.0834284235537052 0.0834668029099703 0.0600750612467527 0.0570917832478881 0.0655613606795669 0.0786282681673765 0.0834517554193735 0.110246570780873 0.13575551211834 0.167947756499052 0.16379256695509 0.134811098650098 0.101828006654978 0.14364952929318 0.122877836152911 0.144171997383237 0.113948715478182 0.0797672653198242 0.0573749588429928 0.0612033503130078 0.0124568881466985 0.00148737050592899 0.0343105420470238 0.110594676136971 0.0460730105638504 0 0 0 0.0730265222489834 0.188811700791121 0.111370445787907 -9999 -9999 -9999
-9999 -9999 -9999 0.0151216716961547 0.0207933177240193 0.0299047817382962 0.0450379319954664 0.0428140265867114 0.01947061015293 0.0191256683133543 0.018540165014565 0.0175862272270024 0.0312569108791649 0.0756830872036517 0.0316853436696692 0.0163862759861513 0.0119458465836942 0.0140249124309048 0.0210390644939616 0.087697028927505 0.0307398700714111 0.0560056082159281 0.054203656129539 0.0534347674623132 0.0777460927888751 0.120159071311355 0.0999562419205904 0.0753171303868294 0.0809505119919777 0.056691874191165 0.0539900732040405 0.0627827383577824 0.0705625092983246 0.0775825242698193 0.0846136428415775 0.0907137885689735 0.096392073109746 0.101794335618615 0.138862931653857 0.0841803008317947 0.102471394836903 0.133045935258269 0.112892618402839 0.108965628221631 0.0865321136638522 0.0631701241061091 0.0511485382914543 0.00529591366648674 0.0244068681821227 0.0756932605057955 0.145399388410151 0.214537101984024 0.166549525409937 0.0168457433581352 0 0.0707704715430737 0.160060306638479 0.0749307770415076 -9999 -9999 -9999
-9999 -9999 -9999 0.0141012217557313 0.0203188012819737 0.0181780278217047 0.0310399604961276 0.0931686218827963 0.0416742610745132 0.0225849949754775 0.0233735460788012 0.0227351899258792 0.0208656644448638 0.0310830702073872 0.0286270741373301 0.0212718474213034 0.00785683339927346 0.0107714769430459 0.0142637144075707 0.0641107708215714 0.0537826210260391 0.0540381763130426 0.0493249567225575 0.0487759571522474 0.0656066166236997 0.0908710137009621 0.105063265934587 0.0921937305480242 0.066400557756424 0.0512980090454221 0.050774716027081 0.0559850595891476 0.0629040099680424 0.0643346771597862 0.0843585431575775 0.0986836861819029 0.0823258562013507 0.0748222479596734 0.116952117905021 0.0873103568330407 0.062499076128006 0.115884998627007 0.0906601212918758 0.0770339658483863 0.0603915423154831 0.0572300298139453 0.0429794164374471 0.0328429820016026 0.0245335688814521 0.0793657880276442 0.167251372896135 0.189740715175867 0.203509014099836 0.0184380240738392 0 0.0413196980953217 0.0943415299057961 0.0670984012003128 -9999 -9999 0
-9999 -9999 -9999 -9999 0.0148486876615176 0.0185312731750309 0.0284542307071388 0.0409964917227626 0.0424592544039478 0.0245378424879164 0.0248399848118424 0.0227318170294166 0.0236090620607138 0.0265205506235361 0.0250456258654594 0.0172348862420768 0.0106400034157559 0.0131109859282151 0.0154733425378799 0.0180736821610481 0.0451400105282664 0.0473949195072055 0.0506358530372381 0.0562057041749358 0.0568475428968668 0.0474269408732653 0.0621574993431568 0.0933366242796183 0.0831456504762173 0.0544384340941906 0.0499822827428579 0.0559024877846241 0.054979243837297 0.05877053309232 0.0879511851817369 0.0943438957631588 0.0732997724413872 0.0617710765451193 0.0695147167146206 0.081810065805912 0.0481172000989318 0.0938592853024602 0.0850196316838265 0.0860679483041167 0.0974992157146335 0.123125046566129 0.0695859363302588 0.0612706400081515 0.0158029094338417 0.111591242998838 0.364645538181066 0.398728250414133 0.100129542499781 0.00756791055202484 0 0 0.0504164975881577 0.0852472229674459 0 0 0
-9999 -9999 -9999 -9999 -9999 0.0182021936594412 0.031585547439754 0.0366030434146523 0.0524438424035907 0.0434311042819172 0.0216568125411868 0.0224768944643438 0.0215355078876019 0.0224926881492138 0.0239314903877676 0.0136915977112949 0.00920539549551904 0.0186070888489485 0.0191328324563801 0.0233184010256082 0.0450514085590839 0.0569101491943002 0.0730676922947168 0.076220548003912 0.0728045573830605 0.0728128544986248 0.0580061803385615 0.0657612140104175 0.0735648034140468 0.0571608933061361 0.0582561019435525 0.0852107048034668 0.0613688353821635 0.0612231937050819 0.0840553618967533 0.0867264638468623 0.0749825039133429 0.0709145458415151 0.0682273023575544 0.0719279390946031 0.0691025437787175 0.116600235328078 0.0992053937166929 0.256550432369113 0.12614077553153 0.156421061754227 0.0776921711862087 0.0580747409909964 0.031936598867178 0.129274398460984 0.288004833385348 0.312083747237921 0.0236599624156952 0.00206676185131073 0 0 0 0 0 0 0
-9999 -9999 -9999 -9999 -9999 -9999 0.0161811360934128 0.0438598338514566 0.0759506802074611 0.074088466912508 0.0278911439236253 0.0203208537306637 0.0196667468175292 0.0195341883227229 0.0287245768122375 0.0327361261006445 0.0201739049516618 0.0140072206500918 0.0193372862879187 0.0292306730989367 0.0500241540372372 0.0619479112327099 0.150711499154568 0.127468783408403 0.120715362951159 0.117774175480008 0.109590349532664 0.0594546882435679 0.0565657252445817 0.0583414947614074 0.0642977422103286 0.0842562029138207 0.0775244191288948 0.0751567197963595 0.0759608745574951 0.0796888383105397 0.132887507602572 0.222227748483419 0.182116167992353 0.0804277494549751 0.094094529747963 0.0800478234887123 0.0694364778697491 0.121304165571928 0.145197070389986 0.142336282879114 0 0 0.137392849102616 0.0687785688787699 0.139995854347944 0.163280035555363 0.19637756049633 0.0169808402657509 0 0 0 0 0 0 0
-9999 -9999 -9999 -9999 -9999 -9999 -9999 0.011704238686001 0.0388484770804644 0.050075296908617 0.0323279749136418 0.0180494901072234 0.0169037032313645 0.0276516610756516 0.0426543123647571 0.0534072407521307 0.0256791874300689 0.0167914217058569 0.0249446955975145 0.0391327956225723 0.0557583026587963 0.0596080687269568 0.125118086859584 0.132876473069191 0.0964175239950418 0.111946764588356 0.126223160549998 0.0588037397712469 0.0505711320787668 0.053413018733263 0.0615523556619883 0.0890318125486374 0.100556030422449 0.102171590253711 0.0922044612467289 0.0763926919549704 0.128008068203926 0.301312930881977 0.24320861287415 0.0947505918890238 0.0993891444057226 0.076234926506877 0.0694006692618132 0.084698786213994 0.183405719846487 0.143148873746395 0.126270228624344 0.0908914484828711 0.105854857712984 0.134831941127777 0.135539075508714 0.0343187925219536 0.195318173617125 0.0183553349971771 0 0 0 0 0 0 0
-9999 -9999 -9999 -9999 -9999 -9999 -9999 -9999 0.0113710476719636 0.0104347654804587 0.0110871395096183 0.00641838535666466 0.0102662563510239 0.0199026603542734 0.0221896865044255 0.042473010327667 0.0411119473166764 0.153852621745318 0.179016117434949 0.138408985175192 0.105797849521041 0.108330866321921 0.088231285661459 0.0894324386119843 0.224839267805219 0.364825490862131 0.327585781887174 0.205276099070907 0.178925094008446 0.0643928687274456 0.0685064268112183 0.116477992758155 0.148954347148538 0.144323533847928 0.139173889160156 0.148757115453482 0.162273922488093 0.147763376310468 0.175926626250148 0.299589206054807 0.25101326406002 0.0913577036187053 0.0636556787416339 0.1604795653373 0.312790041714907 0.280567142218351 0.167880023270845 0.0885181163996458 0.0978300960361958 0.127461190149188 0.0998750649392605 0.0259282015264034 0.208142204582691 0.0157002393901348 0 0 0 0 0 0 0
-9999 -9999 -9999 -9999 -9999 -9999 -9999 -9999 -9999 0 0 0 0.00688801659271121 0.0143509381450713 0.0213406568393111 0.0239815019071102 0.0427919244393706 0.274842898361385 0.262573697045445 0.136823330074549 0.125665449351072 0.131062385067344 0.0818690862506628 0.0967022880911827 0.329230864718556 0.530273154377937 0.422572411596775 0.266756574064493 0.214185930788517 0.0807216199114919 0.0851335475221276 0.118868079036474 0.155692394077778 0.144647530093789 0.097744207829237 0.121514555066824 0.169832044839859 0.122183043509722 0.0870318531990051 0.174733591079712 0.237280733883381 0.0974041221663356 0.0657455464825034 0.0905935801565647 0.14656174108386 0.191132455319166 0.0874160639941692 0.0394357088953257 0.0337427757680416 0.0586546417325735 0.0690266393125057 0.00768965695585523 0.072181049734354 0.00905345007777214 0 0 0 0 0 0 0
-9999 -9999 -9999 -9999 -9999 -9999 -9999 -9999 -9999 -9999 0 0 0 0 0 0.00867121905088425 0.134923609532416 0.388545600064099 0.259023524597287 0.0998541664332151 0.084952208660543 0.0937853563949466 0.135809644311666 0.156295996233821 0.306360663250089 0.39792507737875 0.402256360203028 0.186410947144032 0.241582807898521 0.125565787516534 0.0875267633423209 0.124945134297013 0.200080713778734 0.263734490647912 0.234677331149578 0.144981733933091 0.137676023766398 0.160872382670641 0.127721410915256 0.149359641298652 0.165951446443796 0.119229858666658 0.0684382911026478 0.0263239864259958 0 0 0 0 0 0.0290850013494492 0.0392538143694401 -9999 0 0 0 0 0 0 0 0 0
-9999 -9999 -9999 -9999 -9999 -9999 -9999 -9999 -9999 -9999 0 0 0 0 0 0.0135876882076263 0.136915744841099 0.51535930365324 0.222864521965384 0.0821981769055128 0.0661700222268701 0.0714152045175433 0.203126721084118 0.177999950572848 0.21600011177361 0.24821686334908 0.242974452897906 0.147210676968098 0.215927493944764 0.233964389339089 0.181909751594067 0.192628302425146 0.171191348508 0.176220498010516 0.386426585167646 0.187441119253635 0.120504946857691 0.0769061040133238 0.101677213981748 0.0813301671296358 0.082282180339098 0.160025778636336 0.0534889648854733 0 0 0 0 0 0 0 0 0 0 0 0 0 0 0 0 0 0
-9999 -9999 -9999 -9999 -9999 -9999 -9999 -9999 -9999 -9999 0 0 0 0 0 0.0105136059224606 0.111177813261747 0.370975762605667 0.121942200884223 0.069602788425982 0.0644141651690006 0.0643822649493813 0.148911457508802 0.113000146299601 0.188907252624631 0.149550659582019 0.167366513982415 0.215860317647457 0.136518133804202 0.171181343123317 0.239095307141542 0.194435201585293 0.12164777033031 0.146430931612849 0.436110116541386 0.404624585807323 0.168705760315061 0.0978022925555706 0.0972353003919125 0.0846240904182196 0.0913986079394817 0.00892903432250023 0 0 0 0 0 0 0 0 0 0 0 0 0 0 0 0 0 0 0
-9999 -9999 -9999 -9999 -9999 -9999 -9999 -9999 -9999 -9999 -9999 0 0 0 0 0.000888744443655014 0.00910364538431168 0.123663308024406 0.0952848052233458 0.124107327125967 0.221864200308919 0.1453666530177 0.118008977919817 0.0958654753491282 0.137242891825736 0.122799909859896 0.112861638590693 0.123104647025466 0.0969612140208483 0.119408155828714 0.196047604754567 0.228486976027489 0.271936776190996 0.291385349780321 0.59879112392664 0.668677351772785 0.392576075792313 0.348365101218224 0.274886189326644 0.0845941058546305 0.00928099453449249 0.000881349146366119 0 0 0 0 0 0 0 0 0 0 0 0 0 0 0 0 0 0 0
-9999 -9999 -9999 -9999 -9999 -9999 -9999 -9999 -9999 -9999 -9999 0 0 0 0 0 0 0.138265492916107 0.101297994628549 0.135118051990867 0.109908298999071 0.132241027057171 0.133715565502644 0.107651381529868 0.0668491744622588 0.0825062535703182 0.09423933185637 0.0700742217898369 0.0650903061032295 0.0723522909358144 0.117185573093593 0.263555826246738 0.280757318139076 0.238143747746944 0.346763417124748 0.501789991855621 0.26138223156333 0.301544867455959 0.300039700567722 0.0951002311706543 0 0 0 0 0 0 0 0 0 0 0 0 0 0 0 0 0 0 0 0 0
-9999 -9999 -9999 -9999 -9999 -9999 -9999 -9999 -9999 -9999 -9999 -9999 0 0 0 0 0 0.176242507249117 0.107678749039769 0.092557018622756 0.0738500989973545 0.0495168272405863 0.114611051976681 0.103991982899606 0.0497833987697959 0.060972735285759 0.0530735485255718 0.0632364861667156 0.0741870906203985 0.0803565496578813 0.0749167310073972 0.131579326465726 0.202575242891908 0.273407040536404 0.194031596183777 0.176713675260544 0.123004594817758 0.148136900737882 0.175174365192652 0.100043090432882 0 0 0 0 0 0 0 0 0 0 0 0 0 0 0 0 0 0 0 0 0
-9999 -9999 -9999 -9999 -9999 -9999 -9999 -9999 -9999 -9999 -9999 -9999 0 0 0 0 0 0.0716487787663937 0.0711513154581189 0.0633416118100286 0.0409162205457687 0.00655003890395164 0.0516549669206142 0.0511187745630741 0.0535237943381071 0.0406765596941113 0.0456497271731496 0.0528585030883551 0.0775198090821505 0.0759240465611219 0.0807324586808681 0.0850862696766853 0.107050176933408 0.23512615121901 0.205226738750935 0.224339773505926 0.10718587577343 0.0855233319103718 0.110737859606743 0.0848536710441112 0.0275741793215275 0.00287273928523064 0 0 0 0 0 0 0 0 0 0 0 0 0 0 0 0 0 0 0
