All_rasters_2/Temperature.asc
NCOLS 176 
NROWS 173 
XLLCORNER -17.5416666666687 
YLLCORNER -34.7083333333343 
CELLSIZE 0.41666666666667 
NODATA_value -9999 
[rows 25 to 49 of 173, columns 57 to 113 of 176]
24.5110000228882 24.4199999809265 24.5610000610352 24.8919999313354 25.0529998397827 25.1470002746582 24.8289999389648 24.386999912262 23.9630000495911 23.8109999656677 23.5329998970032 23.3919999504089 23.1770002555847 23.1390004348755 23.1260000228882 23.1129998588562 23.0369999504089 22.9379997634888 22.8419995689392 22.7979998207092 22.5470001029968 22.2100000953674 21.9679999732971 21.5529999351501 21.004999961853 20.3660001182556 19.6580000305176 19.7550000190735 20.569999961853 21.0149999427795 21.2049999809265 21.4229997825623 21.4909999656677 21.6020003890991 21.7839998245239 21.9909999656677 22.2459999656677 22.4369997596741 22.5400001525879 22.5360001373291 22.5090000343323 22.4169997787476 22.2030003166199 22.2430000495911 22.206000213623 22.0370000839233 21.7729998970032 21.5600002288818 21.4739999008179 21.3329996299744 21.168000202179 21.3390000343323 21.6340004920959 21.6250003623962 21.4640000724792 21.3679997253418 21.5360001182556
23.9659999656677 24.428000087738 24.056999874115 23.7199999427795 24.7879999732971 24.6829998397827 24.4869999885559 24.2779999923706 24.1540001869202 24.0840002632141 23.83 23.6770000267029 23.4809999656677 23.1510000419617 22.7230000114441 22.7669999885559 23.0770000457764 23.2419998168945 23.1870001602173 23.0800003051758 22.8360000228882 22.5309999275208 22.2919999694824 22.0810000801086 21.6070000076294 21.194999961853 20.6540000343323 20.9969999885559 21.4410000801086 21.7069999313354 21.8289998054504 21.6500004386902 21.6730004119873 21.7679998016357 21.8939995956421 22.0730002784729 22.2529999732971 22.4399997711182 22.6030003929138 22.6280004882812 22.5610002326965 22.3849999046326 22.1530004310608 22.3169997596741 22.3089996910095 22.0620002174377 21.8289995574951 21.6440005111694 21.5390001487732 21.3779995346069 21.4579998588562 21.6420000457764 21.1599998855591 21.7519996261597 21.9139998435974 21.7770000267029 21.6790002250671
22.3570000457764 22.5570000457764 22.2489999771118 22.0639999771118 22.5809999847412 22.7519999694824 23.4019999694824 24.0600000190735 23.8709999465942 24.241999912262 24.1040001678467 23.9709999465942 23.0030000114441 22.1150000572205 22.8340000343323 23.1290000152588 23.356999912262 23.4749999046326 23.4759999084473 23.3539999198914 23.1320004081726 22.7510000228882 22.3909997177124 21.8829998970032 21.5300000190735 21.3729999732971 21.2329999542236 21.4189999008179 21.5769999694824 21.588000087738 21.7400001144409 21.8359994888306 21.8549994468689 21.9289997291565 22.0280001068115 22.0960003662109 22.2550000572205 22.4969999885559 22.6960005760193 22.709000415802 22.4750002861023 22.0090000152588 22.2569999885559 22.2880000114441 22.0990003013611 22.0540001678467 21.8969996070862 21.7360001373291 21.6140003967285 21.5489999961853 21.6250002098083 21.9159999084473 22.0969999504089 22.1210000610352 21.6739999771118 21.6490000534058 21.6290000152588
22.7990000343323 22.1189999580383 21.4670000457764 21.3170000076294 21.4530000305176 22.4439999389648 22.7230000114441 23.2930000114441 24.0739999961853 24.6050001716614 23.8220000267029 24.0540002059937 22.7550000190735 22.5829999542236 22.9909999656677 23.1210003852844 23.2460000038147 23.3519994354248 23.4269997215271 23.4109996795654 23.236999835968 22.7460000991821 22.2709999465942 21.9720000076294 21.9099999427795 22.2109998512268 21.8090000724792 22.0560000801086 22.1020002555847 22.0870003318787 21.9709998893738 21.9649998855591 22.0180000686646 22.0980003738403 22.1680004501343 22.2390000534058 22.38899974823 22.6250003433228 22.8279996109009 22.8339996528625 22.6290001678467 22.2789999580383 22.641999835968 22.471999835968 22.0219997787476 21.9199998092651 21.8589995384216 21.7729998779297 21.5810003089905 21.5720002746582 21.6570005226135 21.8439998435974 22.3119999504089 22.7280000495911 22.9609998893738 22.7509997749329 21.6259999465942
22.8469997215271 22.7469998550415 21.9030000686646 21.5760000801086 20.2970000648499 21.6890000534058 21.165 21.0119999504089 22.4700000190735 24.2490000724792 23.2549999809265 24.0630002403259 23.1100000190735 22.8239999389648 23.1500003051758 23.2300002670288 23.2759996414185 23.3629994773865 23.4349997520447 23.4909999656677 23.3879999542236 22.7529999542236 22.0870001220703 22.6220001411438 22.4370001411438 22.6050002479553 22.5040000724792 22.4169997215271 22.3419996261597 22.2569998931885 22.1680003547668 22.0610002326965 22.1500005722046 22.1660006332397 22.2470000648499 22.466999874115 22.5970003509521 22.7799996948242 22.9399997711182 22.9829999542236 22.7040000534058 22.4989999961853 22.6720000076294 22.7730000686646 22.2890001106262 21.6329999732971 21.7349997901917 21.7580000495911 21.3549999046326 21.376999874115 21.7000001335144 21.973000164032 22.3159999656677 22.5920001029968 22.7359999465942 22.9019999694824 23.3029997825623
22.8079997444153 22.8569997215271 22.4420000457764 22.7090000343323 22.7509999656677 23.5240000724792 23.2380000114441 22.4220000457764 21.0660000228882 23.3759999656677 23.3009999084473 24.1090002822876 23.4160000419617 22.8919999504089 23.1870005989075 23.3189998817444 23.4039996528625 23.5160000610352 23.6310004997253 23.6940002441406 23.4800002098083 22.8470001220703 22.7820000267029 22.819999961853 22.7679997825623 22.8249993896484 22.7040005683899 22.604000415802 22.523000087738 22.466999874115 22.383999710083 22.1630003547668 22.1010003662109 22.1340005111694 22.266999874115 22.4930000114441 22.7769997406006 22.8549994468689 22.9449997901917 23.0330001449585 23.0839999580383 23.069999961853 23.1409999847412 22.840000038147 22.4040000915527 21.5640000152588 21.6729997825623 21.5200000572205 21.3400000762939 21.2799999427795 21.7079999923706 22.1760000801086 22.4289999389648 22.7640002250671 22.7160001754761 23.1010003662109 23.3829999542236
22.448000087738 22.0800000190735 21.9739999961853 22.9949999809265 23.4490000915527 23.9570000267029 24.0450000762939 23.9130001068115 22.4169999885559 21.9589999771118 23.2479998970032 23.7710000419617 23.3359999656677 22.785000038147 23.1940000152588 23.4459997940063 23.6310003662109 23.7499999046326 23.8409995269775 23.9169997596741 23.6960000228882 23.3980000495911 23.0430001449585 22.4559998893738 22.8549996185303 22.8469994163513 22.8439995765686 22.803999710083 22.7649998283386 22.7080001449585 22.4960000038147 22.0389999389648 21.9399997711182 22.07600025177 22.368000087738 22.7159998512268 22.8519994354248 22.8409994125366 22.761999874115 22.8399999809265 23.3789998817444 23.4099999237061 23.1879998588562 22.940000038147 22.736999912262 21.2720000839233 21.3589999198914 20.9660000419617 21.255 21.2000002288818 21.8259999656677 22.5940002059937 22.8959999656677 23.2929998588562 23.3279997062683 23.2460001564026 23.6799999237061
20.2920000267029 20.460000038147 21.7829999732971 22.2369999504089 22.8200000190735 23.8839999580383 24.4379998779297 24.3970000648499 24.2560000991821 23.4990000152588 23.09 23.08 23.8860001754761 22.805000038147 23.2269999313354 23.6140003013611 23.8029995346069 23.93399974823 24.0210000801086 23.9419997787476 23.655 23.5409998512268 22.916999835968 22.6749998283386 22.8949995994568 22.9269997215271 23.0180000686646 22.9459997940063 22.9629998588562 22.8409995651245 22.4720001602173 21.6520000648499 21.4479998779297 22.0420000267029 22.5539999771118 22.8789998626709 22.695000038147 22.5510000991821 22.8380000686646 23.2420000076294 23.3809996795654 23.3089996337891 23.1240001296997 22.9890000534058 22.9860001373291 21.3860000610352 20.7629999542236 20.3790000534058 20.8969999885559 21.8030000114441 22.4690000915527 22.9989999389648 23.3429999351501 23.6770001792908 23.6759999847412 23.9260000419617 24.2649999046326
19.376999912262 21.7770000267029 23.1489999961853 22.7519999694824 22.9869999313355 23.7429999732971 24.3719999504089 24.7090001678467 24.8379997253418 24.7139998054504 23.9520000267029 23.0660000419617 23.3179998970032 23.6809998703003 23.366999912262 23.6390001106262 23.8949996185303 24.0260001182556 23.8129997825623 23.6139999389648 23.8009999275208 22.915000038147 22.8339999198914 23.0440001678467 22.9559998512268 23.1080004119873 23.1730005836487 23.116000328064 23.086000328064 22.4709999275208 22.2870000457764 21.8969999885559 21.5490000343323 22.3219999313354 22.8619997787476 22.8849998092651 22.5490000915527 22.4659998130798 23.1889998817444 23.4409997940063 23.2440000724792 23.3509998130798 23.0760000228882 23.0460001945496 22.9169999313355 22.4789999961853 21.5849999427795 20.2030001449585 21.0039999389648 22.4000001144409 22.3890000724792 23.4470000076294 23.8120000076294 24.1170001029968 24.2760000038147 24.4209999465942 24.7320000267029
21.9980000495911 23.3249999809265 23.8870000076294 23.4500000190735 22.8889999771118 24.1440000724792 24.7800000572205 25.0470000457764 24.8349998474121 25.0490001869202 24.6269999885559 23.9129999542236 23.5389999771118 23.4270000076294 23.381999874115 23.5320000648499 23.7579998397827 23.5469999694824 23.5790000534058 23.7370001029968 23.7960000419617 22.1529999923706 22.4810001182556 22.9359999275208 23.0670002555847 23.1610005187988 23.0830003166199 23.2070006370544 23.1310004997253 22.4250000190735 21.6079999732971 21.2910001564026 21.9949998855591 22.824999961853 22.9439999580383 22.8679999160767 23.1300001335144 23.1770002937317 23.4279999351501 23.5 23.2999998092651 23.4389997673035 23.4389999961853 23.175 22.7220000648499 22.5379998779297 22.2829998016357 21.0729999923706 22.028000087738 23.1589999389648 23.5509999275208 23.9600001144409 24.2829999923706 24.5200000953674 24.6820001411438 24.8419997787476 25.0980003166199
23.7830000305176 24.4339999580383 24.5820000267029 24.4720001029968 24.1159999656677 24.7979999542236 25.1179999351501 25.4059997940063 25.2129999923706 25.2359998512268 25.2390000343323 24.9459999656677 24.5479999351501 23.58 23.5620000076294 23.3579998207092 23.2420003128052 23.420000038147 23.8800001335144 24.0339999580383 24.121999874115 22.6640000534058 22.3690000343323 22.7110000419617 22.9300000762939 22.9590000152588 22.8409999656677 23.0350004196167 22.7949999427795 22.5479999542236 21.0009999656677 20.2590000152588 22.5920000076294 23.0180001449585 22.8240000724792 22.6469999694824 22.9409999847412 23.4669999885559 23.6410002708435 23.5190000534058 23.361999912262 23.3359996986389 23.4660000419617 23.2320000076294 22.9119999694824 22.4269999313354 21.9749999809265 22.2630000305176 22.9850000572205 23.5390001106262 23.9719999885559 24.2979998397827 24.5720002746582 24.7949997520447 24.9399997711182 25.0900003433228 25.2270002746582
24.6 25.0249999809265 25.1690000152588 25.4289999961853 25.1830000495911 25.1879999923706 25.4589999198914 25.5650001907349 25.6330001831055 25.6340000152588 25.6890000724792 25.5749999046326 25.2129999923706 24.4150000190735 23.9680000495911 23.8299999427795 24.190000038147 24.1389999198914 24.5319998931885 24.6889999961853 24.6549999809265 23.2729999542236 22.5059999847412 22.2039999771118 22.8180000495911 22.4659999465942 22.2339999961853 22.629999961853 22.2190001678467 22.0060000419617 19.5609999275208 19.7799999809265 22.8799999427795 23.2240001678467 23.3579997062683 23.1850001335144 23.6409999465942 23.8049997901917 23.7339999771118 23.6290003395081 23.5250000953674 23.4039997673035 23.5370001983643 23.6110004043579 23.1930001068115 22.7870000648499 22.4799999237061 23.0310000038147 23.1660000038147 23.5880000114441 24.2509998703003 24.5850002670288 24.7979997825623 24.9639998626709 25.0890003395081 25.2279999732971 25.3709995651245
25.4640000534058 25.7859999465942 25.9270001411438 25.9099998855591 25.8019997406006 25.6240002059937 25.4279999351501 25.5719999694824 25.9099996757507 25.9849999809265 26.0220000839233 25.946999797821 25.8039998817444 25.4689999580383 24.4240000534058 24.5390000152588 24.3659999465942 25.0210000801086 25.1500001907349 25.1400003433228 24.8080000114441 24.1140000343323 23.455 22.3259999275208 21.7810000228882 22.2480001068115 20.5720000457764 21.6719999504089 21.2840000343323 20.4670000076294 18.959999961853 21.7260000228882 22.9379999351501 23.4419997787476 23.1970001983643 23.3849999427795 23.8909998512268 23.989999961853 23.8379999160767 23.926999874115 23.8549997901917 23.7549998855591 23.7200002288818 23.7369999313355 23.5089996147156 23.1620001029968 23.3689998817444 23.4330000495911 23.609999961853 24.1270000648499 24.5330000495911 24.8099996948242 24.9679998779297 25.1350005149841 25.2440000534058 25.328999671936 25.2979997062683
26.0329999542236 26.0360000991821 26.3319997406006 26.2090001487732 25.9609998512268 25.8959999275208 25.5559999465942 25.6230001449585 26.0520001220703 26.2130001449585 26.2490000343323 26.2279999160767 26.1200003433228 25.8030000114441 25.0590000152588 24.7250000190735 24.1410000038147 24.9210000038147 25.3209997940063 25.3679997062683 25.0960000801086 24.7890000534058 24.1340000152588 23.1139998626709 19.8789999389648 20.8339999961853 20.2690000152588 20.541999912262 20.0889999866486 15.9039999961853 20.6000000572205 22.4570001220703 23.2649998474121 23.6320001220703 23.6619998931885 23.8900001716614 24.2300000190735 24.2360000991821 24.0350001144409 23.8529997825623 23.8879996490479 23.7570000076294 23.5310001945496 23.741999797821 23.7979995536804 23.5800000190735 23.3149999046326 23.3960000228882 23.3369999885559 24.1929999351501 24.7249998664856 24.943999786377 25.0790003013611 25.2420001220703 25.348999710083 25.4910000419617 25.4070000457764
26.5689999580383 26.6809998893738 26.6539998817444 26.5630001449585 26.3029998588562 26.1550001525879 25.9190000915527 25.8260000038147 26.2369999885559 26.4479998016357 26.4429997825623 26.4329997444153 26.3459995651245 26.1740003204346 25.8880000495911 25.4739998435974 24.9090000915527 24.985 25.7130000305176 25.6070003509521 25.3869997406006 25.1120001602173 24.6109998703003 23.9260000228882 19.5200000286102 18.0929999923706 16.7150000858307 17.7189999866486 18.5030000495911 17.5380000019073 20.86 22.8740000343323 23.8569999885559 23.8469999885559 24.1190001296997 24.2960000038147 24.4859999656677 24.3229998588562 24.1310001945496 24.000000038147 24.0350002479553 24.0550002479553 23.5810000801086 23.6040002059937 23.601000289917 23.6100003814697 23.6420000648499 23.8739999198914 24.0620000267029 24.4760001182556 24.7949998855591 25.0460001754761 25.0990003585815 25.2999996185303 25.4839999389648 25.5250000762939 25.6830000686646
27.0850001144409 26.9939999008179 26.8899998474121 26.4869999885559 26.2260000038147 25.6860000038147 25.4520000267029 25.8879999160767 26.2939998626709 26.5800003051758 26.6510005760193 26.5960003662109 26.5190000724792 26.3729996490479 26.161000328064 25.9859999465942 25.6820000267029 25.6259999847412 25.6819997596741 25.7970000648499 25.5800002670288 25.3539998245239 24.9019999694824 24.5229999732971 23.1039999961853 22.6919999885559 19.8039999771118 20.1319999504089 20.6790000915527 18.5180000209808 21.9740000534058 23.6559999656677 24.365000038147 24.4410000228882 24.6999999809265 24.7350001716614 24.7320001792908 24.6199999427795 24.5029999923706 24.32899974823 24.1530003929138 23.9149999237061 23.8559998130798 23.6249999427795 23.3520000457764 23.4609999847412 23.6660001182556 24.1259999656677 24.3369997406006 24.3899996185303 24.6530003738403 24.8659999465942 24.9870000076294 25.256999835968 25.6439998245239 25.6849998474121 25.981999912262
27.4639998626709 27.3509998512268 27.0360000228882 26.7160000801086 26.0290000343323 24.343000125885 24.8589999961853 25.7939999771118 26.2819999313354 26.5930003547668 26.7579999351501 26.7489999961853 26.6540004348755 26.5050000190735 26.3159996795654 26.1920002365112 25.8019999885559 25.9669999313355 25.9269997787476 25.8829995918274 25.7340000534058 25.5630002403259 25.2430000114441 24.7280000495911 24.3750000190735 24.4460000228882 22.9489999580383 22.3209999847412 22.87 17.3349999713898 22.2419999504089 24.2879998970032 24.6689999389648 25.0160000610352 25.0689999389648 25.0720000457764 25.0420000267029 24.9620001411438 24.6090001869202 24.4429997634888 24.0960000419617 23.9290000724792 24.0240000724792 23.8250000190735 23.813000087738 24.0840000343323 24.3890000152588 24.6150000762939 24.6570001029968 24.6180003929138 24.6330002784729 25.0769999885559 25.4309998893738 25.6239999198914 26.0340001869202 26.2989998817444 26.495
27.7300000190735 27.6110002326965 27.3659997940063 27.0340000534058 26.4479999923706 25.5190000152588 25.1830000495911 25.8579999923706 26.3059998893738 26.6330002784729 26.8339993858337 26.8819995498657 26.7819997596741 26.609000415802 26.4799999237061 26.3259997367859 25.9629998207092 26.0770002937317 26.0710002708435 26.0360001373291 25.9269997215271 25.7339999389648 25.598000202179 25.2880000114441 25.1169998550415 25.2800001144409 24.8079999732971 23.8540000343323 24.3690000152588 20.6360000324249 24.0689999961853 25.4209999847412 25.4020001792908 25.4409999465942 25.5180000114441 25.4030000305176 25.1349999809265 24.6420001220703 24.7170001792908 24.1159999275208 24.1509999656677 24.2269998550415 24.1940000343323 24.0339999198914 24.3189999771118 24.6909999847412 24.8399998855591 24.9809999275208 24.9539998626709 24.6420001029968 24.9119999885559 25.6110000610352 25.9830000114441 26.2429999351501 26.4050001144409 26.6260001182556 26.8100000953674
27.9809999275208 27.9179997062683 27.7459999084473 27.2860000991821 26.6310000419617 25.1020000076294 24.4219999694824 25.9490000915527 26.4149999427795 26.7340000724792 26.9059996414185 26.9409997749329 26.8819995689392 26.7030005455017 26.5380001449585 26.3849995613098 26.0179998970032 26.2010004234314 26.2160004997253 26.1520004272461 25.9829999351501 25.9789999198914 25.8960000228882 25.8990001296997 25.8970001792908 25.7469999504089 25.6639999961853 25.6129999732971 25.5509999847412 25.869999961853 25.5980001068115 26.0329998779297 26.1480000305176 26.0359998130798 25.8450000572205 25.7739999961853 25.2220000076294 25.0240000724792 24.6759999656677 24.2659999465942 24.416999874115 24.0209998893738 24.1380002593994 24.496999912262 24.901999874115 25.1260000610352 25.233000087738 25.2899998474121 25.2790001296997 24.8189999961853 24.8270001220703 25.731999874115 26.144000415802 26.3099998664856 26.6559997749329 27.0240000534058 27.2749998855591
28.2339999961853 28.1460002708435 27.9639998626709 27.5919997596741 26.7720000267029 25.3989998817444 23.9100000762939 24.7469999313354 26.3310001182556 26.8739996147156 26.9239998245239 27.010000038147 26.9309997367859 26.7240002059937 26.4929999732971 26.3849995613098 26.0910000228882 26.1720006561279 26.1450005531311 26.1330004310608 26.2419998931885 26.2799999237061 26.4900000190735 26.5240000152588 26.436999835968 26.4430000305176 26.2760000610352 26.3320000839233 26.4800000190735 26.8230000495911 26.8949999809265 26.6980000495911 26.6710000038147 26.5060000038147 26.3039999389648 26.0420001411438 25.971999912262 25.7369998168945 25.3400000953674 25.1470002174377 24.3270000457764 23.8089998435974 24.2529999732971 24.7869999885559 25.2819999694824 25.5020000076294 25.5690002632141 25.4719998931885 25.4169998168945 25.1229999732971 25.2010000038147 25.849999961853 26.1850002861023 26.4169997024536 26.7439999389648 27.2719998550415 27.5780002975464
28.43399974823 28.3299995613098 28.1220000839233 27.6570000839233 26.9140000152588 25.9930000686645 24.6849999046326 25.3529999351501 26.0459999465942 27.0420001602173 27.076000289917 27.0450001716614 26.9379997825623 26.6960004806519 26.5350001335144 26.3689996910095 26.2530000114441 26.20200050354 26.2450000190735 26.2859996414185 26.4019996261597 26.5810001373291 26.8919999313354 26.9710000801086 26.9840001487732 27.0349999809265 26.9970001029968 26.903000125885 27.0089999580383 27.2600000762939 27.4469998931885 27.2829999542236 27.1339999961853 26.9939999580383 26.7849999427795 26.3140001296997 26.1159999465942 25.9189998245239 25.699000377655 25.4830000114441 24.9250000190735 24.7129999160767 25.1380003929138 25.0710001182556 25.4910000228882 25.7420000648499 25.8089995002747 25.7100000953674 25.5970001411438 25.528000087738 25.263000087738 25.7539999008179 26.1550000762939 26.6820001220703 27.0600001716614 27.3679996109009 27.6350003433228
28.5770002937317 28.4659998703003 28.246999912262 27.8190001678467 27.0140000343323 25.2990000534058 24.0369999885559 25.9989999961853 26.7779998397827 27.0210000801086 27.1080004119873 27.0900003433228 27.0120000457764 26.8209997749329 26.6860003662109 26.5240000915527 26.4349997711182 26.3609995079041 26.3619994735718 26.4539998245239 26.5940002632141 26.8829998779297 27.2150001716614 27.3949997711182 27.4479998970032 27.4989999580383 27.618000125885 27.508000087738 27.6379999160767 28.0699999237061 28.0539999389648 27.8059999084473 27.581999912262 27.4200000190735 27.1339999008179 26.638000087738 26.4530001068115 26.3949997138977 26.326999797821 26.1190000343323 25.7409999847412 25.1530000686646 24.8419998931885 25.2919999504089 25.6840003013611 25.8129993438721 25.8779995346069 25.8929995918274 25.8429996871948 25.7579999923706 25.569999961853 26.1829998970032 26.4720000648499 26.7609999656677 26.9450000572205 27.2610000038147 27.6929999542236
28.6980003547668 28.576000289917 28.3949997329712 28.0020000457764 27.075 25.0730000495911 25.0640000343323 26.000000038147 26.6689998626709 27.0360001373291 27.1240004730225 27.1500005722046 27.0870003318787 26.9559998321533 26.8179995155334 26.677000541687 26.5970003700256 26.5250000953674 26.5710002708435 26.693000202179 26.9150000190735 27.2580001068115 27.6009999275208 27.8309999847412 27.9980000495911 28.1989999580383 28.4270000267029 28.2459998893738 28.3060000419617 28.4680000114441 28.5330001449585 28.338000087738 28.063000164032 27.8489999389648 27.6479999351501 27.1280000495911 25.7350000762939 25.4940000343323 25.1350001525879 24.6689999961853 24.1309999656677 24.1670000267029 24.854999961853 25.6190001106262 25.8319994544983 25.8879995727539 25.9199996948242 25.941999797821 25.8549999809265 26.2419999504089 26.4239999771118 26.6830000686646 26.8919998168945 27.15100025177 27.335 27.6400002479553 27.8039999771118
28.6850002098084 28.5030000114441 28.510000038147 28.1249997711182 27.3239999961853 26.6739999961853 26.6749999809265 26.7759999656677 26.8089998245239 27.0810003089905 27.1890007019043 27.1790006065369 27.109000415802 27.0590002250671 26.9279997253418 26.7819996833801 26.7010003471375 26.7220000648499 26.8659999084473 27.0920000076294 27.3840000534058 27.7639999961853 28.1020000267029 28.3340000152588 28.4849999809265 28.6930000495911 28.896999912262 29.0540001869202 29.1140000534058 29.1279999351501 29.0099999809265 28.7489998817444 28.3949997138977 28.2889999198914 28.1169999885559 27.8920001792908 27.4659997940063 25.9780000686645 24.2490000152588 23.7999997711182 23.8039999961853 24.4270000648499 25.3460000419617 25.8569996643066 25.943999786377 25.9849999427795 26.0150000572205 26.1250004768372 26.156000213623 26.2849998092651 26.2459999465942 26.7040001678467 26.920000038147 27.2430000686645 27.4549998855591 27.4590000152588 27.3640002250671
28.4019999504089 28.0729999351501 28.3259997177124 28.2939999008179 28.038000125885 27.5890000343323 27.3960000610352 27.1470000076294 26.9529999160767 27.2190000915527 27.233000164032 27.2829994392395 27.1290003013611 27.0840003204346 26.9679998779297 26.8859995651245 26.9109996604919 27.0190000343323 27.2220000839233 27.4850000190735 27.7270000839233 28.0250000953674 28.3909999275208 28.6670003318787 28.82899974823 29.0020000076294 29.2020001983643 29.2999994087219 29.3659994888306 29.2380001449585 29.0510001945496 28.821999835968 28.7150001144409 28.5930002975464 28.4759999084473 28.4329997444153 28.3389997673035 27.7010000610352 26.3209999275208 24.595 24.4670000839233 25.4209999465942 25.8829999160767 25.9959999847412 26.0340001296997 26.0410001564026 25.9139999771118 25.9159998130798 25.7470000076294 25.9799999427795 25.8959999847412 26.5640001678467 26.9379998207092 27.2369999885559 27.3839996147156 27.1019999504089 27.9310001564026
