All_rasters_2/Temperature.asc
NCOLS 176 
NROWS 173 
XLLCORNER -17.5416666666687 
YLLCORNER -34.7083333333343 
CELLSIZE 0.41666666666667 
NODATA_value -9999 
[rows 50 to 74 of 173, columns 114 to 170 of 176]
27.648000164032 27.7070000076294 27.5909999847412 28.3590001296997 29.0110000419617 28.6990001296997 28.9409999084473 28.9979999923706 28.8590000534058 29.0380002212524 29.1320002555847 29.1640005302429 29.1280004882812 29.104000377655 29.1300003051758 29.0430001449585 28.338000125885 29.1239999580383 26.5409999275208 23.5499999809265 21.9700000858307 27.5642857065006 -9999 -9999 -9999 -9999 -9999 -9999 -9999 -9999 -9999 -9999 -9999 -9999 -9999 -9999 -9999 -9999 -9999 -9999 -9999 -9999 -9999 -9999 -9999 -9999 -9999 -9999 -9999 -9999 -9999 -9999 -9999 -9999 -9999 -9999 -9999
27.7130000686646 27.3259999847412 27.414999961853 28.3270000839233 28.8759997177124 28.5630002212524 28.7929997444153 28.5009999847412 28.2470000457764 28.5650000762939 28.7080000495911 28.9009998893738 28.9129996871948 28.8769995307922 28.8459994506836 28.8149998092651 28.2989999961853 28.8680001068115 28.3059999275208 23.5859999656677 22.2070000839233 25.1589999389648 -9999 -9999 -9999 -9999 -9999 -9999 -9999 -9999 -9999 -9999 -9999 -9999 -9999 -9999 -9999 -9999 -9999 -9999 -9999 -9999 -9999 -9999 -9999 -9999 -9999 -9999 -9999 -9999 -9999 -9999 -9999 -9999 -9999 -9999 -9999
27.6350003814697 27.356999874115 27.468000087738 28.3550000572205 28.6860001182556 28.8460000801086 29.1789999961853 28.6140000343323 28.3389995956421 28.3779996681213 28.4259997177124 28.48 28.5920002746582 28.7220001411438 28.8999996185303 28.9310001564026 27.4719999313354 27.3320000457764 28.3069999313355 27.4260000228882 23.3010000419617 20.290999994278 27.0478722795527 -9999 -9999 -9999 -9999 -9999 -9999 -9999 -9999 -9999 -9999 -9999 -9999 -9999 -9999 -9999 -9999 -9999 -9999 -9999 -9999 -9999 -9999 -9999 -9999 -9999 -9999 -9999 -9999 -9999 -9999 -9999 -9999 -9999 -9999
27.5670002365112 27.3590000152588 27.7979999923706 28.2599999427795 28.5690002632141 28.723000087738 28.7810000038147 28.3959996986389 28.4079996490479 28.4709998893738 28.4509998130798 28.2639999008179 28.3799997711182 28.7420000267029 28.9989999961853 28.6919999504089 27.5039999008179 26.519999961853 25.5739999580383 25.4859999084473 22.1420000648499 18.5939999389648 20.7759999847412 27.0500000248785 28.9428572276282 -9999 -9999 -9999 -9999 -9999 -9999 -9999 -9999 -9999 -9999 -9999 -9999 -9999 -9999 -9999 -9999 -9999 -9999 -9999 -9999 -9999 -9999 -9999 -9999 -9999 -9999 -9999 -9999 -9999 -9999 -9999 -9999
27.5410002708435 27.7739999389648 28.1560001754761 28.4209997558594 28.6460005187988 28.7749996185303 28.6630005455017 28.5440001678467 28.3849996948242 28.3659996795654 28.4479998016357 28.4519998550415 28.4329998207092 28.8079997062683 28.7919998168945 28.1190000152588 26.64 26.0169999313354 25.939999961853 25.1269999504089 22.8470000267029 21.0010000038147 19.0249999237061 23.0890000152588 29.3819999313355 29.2968085065801 -9999 -9999 -9999 -9999 -9999 -9999 -9999 -9999 -9999 -9999 -9999 -9999 -9999 -9999 -9999 -9999 -9999 -9999 -9999 -9999 -9999 -9999 -9999 -9999 -9999 -9999 -9999 -9999 -9999 -9999 -9999
27.5030000114441 27.784999961853 28.1650002098084 28.4219997024536 28.6280004501343 28.8359994697571 28.7480000305176 28.5420001602173 28.4069996643066 28.4699998855591 28.5690002632141 28.5940002822876 28.6600001907349 28.6750001525879 28.7599998474121 28.2009999084473 27.1920000267029 26.5050001144409 26.4939998817444 24.3810000228882 21.3870000076294 19.7060000038147 17.3829999637604 19.7750000095367 28.6360001182556 29.7970001029968 27.3200000762939 -9999 -9999 -9999 -9999 -9999 -9999 -9999 -9999 -9999 -9999 -9999 -9999 -9999 -9999 -9999 -9999 -9999 -9999 -9999 -9999 -9999 -9999 -9999 -9999 -9999 -9999 -9999 -9999 -9999 -9999
27.4699998855591 27.7919997787476 28.0220000839233 28.2379999732971 28.4439998435974 28.7969997596741 28.7649998664856 28.4589998435974 28.4959999847412 28.6030003929138 28.7060005569458 28.7499998664856 28.7179999542236 28.4560000228882 28.6210000419617 28.4370001029968 27.2639999961853 24.1159999084473 26.3890000343323 24.6490000152588 22.4220000267029 21.5369999313354 19.2539999771118 18.8199999904633 28.4340000915527 30.3120001602173 28.4599999427795 28.0209999275208 -9999 -9999 -9999 -9999 -9999 -9999 -9999 -9999 -9999 -9999 -9999 -9999 -9999 -9999 -9999 -9999 -9999 -9999 -9999 -9999 -9999 -9999 -9999 -9999 -9999 -9999 -9999 -9999 -9999
27.4139998054504 27.6050003623962 27.8259997940063 27.9959999847412 28.171000213623 28.4829999923706 28.6060003852844 28.3739996147156 28.4079996681213 28.5900003433228 28.6860005760193 28.7100004577637 28.6200000762939 28.6010000228882 28.2550000190735 28.0029999160767 27.3510000228882 23.2259999752045 23.5459999465942 20.1639999961853 18.5599999666214 23.2410000038147 19.1970000362396 20.5880000305176 27.4209999847412 30.1660000610352 30.2890000152588 28.2059999847412 27.0089999961853 -9999 -9999 -9999 -9999 -9999 -9999 -9999 -9999 -9999 -9999 -9999 -9999 -9999 -9999 -9999 -9999 -9999 -9999 -9999 -9999 -9999 -9999 -9999 -9999 -9999 -9999 -9999 -9999
27.1410003471374 27.3020000267029 27.6090002441406 27.8089994621277 27.8999996185303 28.1390001487732 28.3559998703003 28.2259997940063 28.0979998588562 28.2449999427795 28.4379999732971 28.5920003128052 28.7270001220703 28.7679998207092 28.1849999809265 27.1379999923706 25.9609999847412 24.5490000724792 19.4880000495911 16.182000002861 20.0350000667572 23.0350000190735 19.2040000343323 20.8250000762939 26.5120000267029 28.7100000572205 30.1209998512268 29.8579999732971 28.8160000610352 28.4888889428341 -9999 -9999 -9999 -9999 -9999 -9999 -9999 -9999 -9999 -9999 -9999 -9999 -9999 -9999 -9999 -9999 -9999 -9999 -9999 -9999 -9999 -9999 -9999 -9999 -9999 -9999 -9999
26.984999961853 26.9990003967285 27.3690000534058 27.6500001335144 27.8149996566772 27.880999546051 27.9559998703003 27.7539998626709 27.4979998397827 27.586999874115 27.9850000762939 28.3039998054504 28.4659998703003 28.4840000915527 27.9689999198914 26.9580000495911 24.1850000190735 20.135000038147 17.7930000114441 21.4840000152588 21.8739999771118 19.2080000019073 17.9129998493195 22.5849998664856 27.103000125885 27.7770000076294 28.1029998779297 28.621999874115 28.5879999542236 27.3969998550415 28.6630000114441 29.6250000280492 -9999 -9999 -9999 -9999 -9999 -9999 -9999 -9999 -9999 -9999 -9999 -9999 -9999 -9999 -9999 -9999 -9999 -9999 -9999 -9999 -9999 -9999 -9999 -9999 -9999
26.5489999198914 26.9980001449585 26.5880000114441 27.0609999084473 27.5430002593994 27.6610003089905 27.5390001487732 27.4489998817444 27.3099997520447 27.4039998626709 27.8259999275208 28.0080000114441 28.0770001220703 27.7500000572205 26.260000038147 24.8869999313354 21.2760001182556 20.7709999847412 19.5240000343323 18.4700000190735 20.3970000839233 17.869000005722 15.5619999980927 22.6579999923706 25.9310000801086 26.9400000190735 27.5349999427795 27.731999874115 28.0049999427795 28.4739999771118 26.2539999389648 28.060000038147 -9999 -9999 -9999 -9999 -9999 -9999 -9999 -9999 -9999 -9999 -9999 -9999 -9999 -9999 -9999 -9999 -9999 -9999 -9999 -9999 -9999 -9999 -9999 -9999 -9999
26.1380000305176 26.4099999809265 26.7240000152588 26.8290001487732 27.4259998321533 27.4919999694824 27.2579999732971 27.2080004692078 27.2050003242493 27.248000087738 27.8469998550415 27.7499998664856 27.4339999961853 27.0179999351501 25.6919999694824 24.5790000152588 19.7589999580383 19.4640000152588 18.9390000343323 15.3459999656677 16.579000005722 15.9370000457764 13.3270000076294 20.6470000553131 25.2229999542236 26.0069999313355 27.9639998817444 28.330000038147 27.809999961853 28.4949999809265 26.5151163589123 -9999 -9999 -9999 -9999 -9999 -9999 -9999 -9999 -9999 -9999 -9999 -9999 -9999 -9999 -9999 -9999 -9999 -9999 25.7935064489191 25.3891892046542 -9999 -9999 -9999 -9999 -9999 -9999
26.6580000495911 25.9259999465942 26.8580000686646 27.3239997291565 27.5340001106262 27.6420004272461 27.4929999732971 27.4489998245239 27.4209996986389 26.8990001869202 27.5729999542236 27.6869999504089 26.4109999656677 26.0580000305176 23.4879999542236 22.7800000572205 18.0969999790192 17.2580000305176 18.3800000572205 18.0200000572205 19.3039999198914 17.1579999732971 15.7490000629425 18.1979999351501 23.9069999694824 26.4960000610352 27.2880000114441 28.3330000114441 28.4699999427795 29.2909999465942 27.1877552538502 28.5413793366531 -9999 -9999 -9999 -9999 -9999 -9999 -9999 -9999 -9999 -9999 -9999 -9999 28.4886364069852 29.1025641025641 27.6807691867535 22.9058139712312 25.9828282365895 24.7619999694824 24.6378787358602 -9999 -9999 -9999 -9999 -9999 -9999
26.970000038147 26.7000000190735 27.0600000762939 27.4580000114441 27.761999874115 27.8649995803833 27.838999786377 27.8449998855591 27.7420000839233 27.4660000419617 26.9770000076294 26.6579999351501 26.7130000114441 24.7369999504089 24.0010000228882 20.6210000228882 16.1919999790192 16.1019999980927 15.4840001106262 16.1270000267029 19.125000038147 13.7039999818802 12.0879999828339 17.9330000114441 23.4490000343323 25.8909999847412 26.5500000762939 27.2470000267029 28.1800000572205 28.3969999504089 26.6659998703003 28.5129999923706 29.7107142720904 -9999 -9999 -9999 -9999 -9999 -9999 -9999 -9999 23.2636364651965 22.1640001296997 21.8139999580383 22.3220000076294 24.6960000038147 25.8000000953674 21.9859999465942 23.4760000038147 26.5279999542236 27.3399998346965 -9999 -9999 -9999 -9999 -9999 -9999
27.6159999465942 27.42 27.4569998931885 27.636000213623 27.9279997825623 28.0670002555847 28.0630002403259 28.0710002708435 27.9779999160767 27.7759999275208 26.3260000038147 24.9550000190735 25.955000038147 22.004999961853 21.17 22.2350001335144 20.1379999923706 18.875 15.5410000705719 15.4530000495911 19.6390000724792 18.7499999713898 15.9910000038147 15.6469999980927 23.3679999542236 25.2309999465942 25.8639999389648 26.3859999847412 27.0929999923706 26.6199999046326 25.6810000610352 25.9290000152588 28.0530000114441 29.3632911247543 -9999 -9999 28.9546875655651 28.0216495081321 25.7139998817444 26.3250000190735 24.5379998970032 17.9449998760223 19.9510000419617 21.0530000305176 23.0389999580383 24.955 26.5760000228882 27.510000038147 27.4360000228882 28.1920000457764 -9999 -9999 -9999 -9999 -9999 -9999 -9999
27.738000125885 27.639000453949 27.6639999198914 27.8389994812012 27.9979999923706 28.1160004425049 28.13200050354 28.1050004005432 28.0220000839233 27.7099999427795 25.7560000038147 22.5819999885559 23.4769999885559 24.5209999275208 22.5410000419617 19.4389999961853 18.9349999713898 20.1660000038147 19.5909999656677 19.445999994278 19.3569999790192 19.9459999847412 16.9539999866486 16.6849999523163 23.9380000114441 24.9749999237061 25.3710000228882 26.1579999351501 26.928000164032 26.1330000495911 23.5540000343323 21.6040000152588 23.4599999046326 25.3240000915527 26.4000000572205 25.73 23.8380000686646 24.1190001296997 24.1760000038147 24.0869999885559 23.3790000343323 20.4790001106262 21.6630000495911 22.5400000190735 22.8209999275208 23.7739999008179 25.0839999580383 26.5650000190735 27.4109999847412 27.7937499880791 -9999 -9999 -9999 -9999 -9999 -9999 -9999
27.6280004882812 27.7489999961853 27.8509994316101 27.8899995803833 27.9639998626709 28.0890003395081 28.0840003204346 28.0490001869202 27.9379997825623 26.7010001373291 24.1959999275208 21.0739999771118 20.4139999198914 21.3089999198914 22.8969999313355 20.2019999694824 19.269000005722 16.8710000038147 19.0350000286102 19.0309999275208 16.5500000095367 15.690000038147 15.1670000171661 17.725000038147 25.360000038147 25.2979998970032 24.8239999580383 24.7729999923706 24.0429999732971 21.2919999790192 19.2570000839233 19.4999999237061 20.2289999771118 21.9360000038147 22.681999912262 21.2140000724792 20.7210000038147 22.2639999961853 23.3290000152588 22.9709999275208 23.0160000038147 23.4429998779297 23.2710000801086 23.1009999465942 23.6120001220703 24.1709998703003 25.1029999351501 25.8819999885559 26.8909999847412 27.7333333492279 -9999 -9999 -9999 -9999 -9999 -9999 -9999
27.4939999771118 27.6620004463196 27.8199995422363 27.8569994544983 27.9359997558594 28.0250000953674 27.9679998779297 27.880999546051 27.7579999923706 27.0969999694824 23.2450001144409 20.9859999847412 20.5409999656677 20.0340000152588 21.4599999809265 20.5529999732971 18.8369999599457 16.5609999847412 18.639999961853 15.7430000019073 14.87 14.4579999828339 15.9840000343323 22.1669999790192 26.040000038147 23.6230000495911 20.3430000114441 17.7440000343323 17.2930000114441 19.7370000362396 19.7679999351501 19.285 20.4579999923706 21.785 22.7260000991821 23.3330000114441 23.4340000534058 23.0959999656677 23.9880000114441 24.1450000953674 24.7110000038147 24.5860000991821 24.2460000038147 23.8429999732971 24.2399999427795 24.2260000038147 25.5869999694824 26.4110000228882 27.2059999656677 -9999 -9999 -9999 -9999 -9999 -9999 -9999 -9999
27.4739999008179 27.576000289917 27.6760005950928 27.7709997177124 27.8569994544983 27.9199996948242 27.8219995498657 27.686000328064 27.6330004882813 27.2799999046326 25.4840000152588 20.2599999237061 20.8919998931885 20.0409999847412 20.2100000762939 19.4620000076294 20.0889999961853 19.2749999809265 16.1150000286102 16.1969999790192 17.4269999980927 17.9950000095367 19.4969999694824 23.9060000610352 23.2389999198914 20.1860000038147 20.2819999027252 21.2720000267029 21.3200000190735 21.5829999923706 21.6620000076294 21.674999961853 21.5679999542236 22.2730000305176 22.8179998970032 23.2489999771118 24.05 24.1450000762939 23.7440000343323 24.0110000038147 24.6030000305176 25.0300003242493 25.2239998054504 25.3400001335144 25.8200000190735 25.5399999809265 25.3949999427795 26.4060000610352 27.2546391634597 -9999 -9999 -9999 -9999 -9999 -9999 -9999 -9999
27.489999961853 27.4809999275208 27.5320001220703 27.63200050354 27.7390001296997 27.8059993553162 27.7749996185303 27.642000541687 27.5240000915527 27.4059996414185 27.0589999389648 23.1859999084473 21.7480000495911 20.2029999923706 19.0129999351501 19.2920000267029 20.6960000610352 19.8680000686645 19.4799999046326 16.6569999980927 15.735999994278 19.7550000953674 20.2989999580383 19.0660000705719 19.5099999713898 21.5719999885559 22.0450000190735 22.6590000534058 22.9089999580383 23.413000087738 23.3409998512268 23.5620000076294 23.4469999694824 23.3989999198914 23.8760000228882 24.0830000114441 24.3770000457764 24.5449999046326 24.7529999542236 24.5249999237061 24.0209999847412 23.8510000038147 24.2789999771118 24.9710000419617 25.6539999961853 26.1809999465942 26.1469998931885 26.3889999961853 27.0790323134392 -9999 -9999 -9999 -9999 -9999 -9999 -9999 -9999
27.3819995498657 27.3159996032715 27.3489995574951 27.476999912262 27.6230004692078 27.7639997673035 27.8409993934631 27.7849999046326 27.474999961853 27.1210000228882 26.806999912262 25.4289999771118 19.8000000190735 18.9589999771118 17.3639999198914 18.4159999847412 19.6239999771118 18.9969999885559 19.1170000076294 14.7339999866486 18.2229999351501 18.7970000171661 14.0340000247955 16.2299999809265 20.8220000553131 22.195000038147 21.9220000457764 23.3080000305176 24.0419999504089 24.8500000953674 25.2779999732971 24.8110000228882 25.4730000114441 24.7459999847412 24.3679999923706 24.9379999732971 25.1399998664856 25.2069999504089 25.0319997787476 25.0390000534058 25.1149999427795 24.7360000228882 24.4520000267029 24.2780000305176 24.4599999809265 24.8929999732971 25.9700000190735 26.796590870077 -9999 -9999 -9999 -9999 -9999 -9999 -9999 -9999 -9999
27.2010003852844 27.0820002555847 27.1080003356934 27.3059997940063 27.5280001068115 27.6950003433228 27.8439994049072 27.8039998054504 27.3939999771118 26.8120000839233 26.0249999237061 25.1650000762939 20.6760000038147 17.0709999275208 17.7530000400543 18.5979999160767 18.1250001144409 18.7259999752045 18.5120000362396 17.7670000076294 19.520000038147 15.4579999351501 13.1260000133514 17.8600000286102 18.6929999637604 20.5139999771118 21.9640000152588 23.8009999847412 25.4190000152588 26.4460000419617 26.4439999580383 25.4879999923706 25.1029999923706 25.6089999389648 24.5509999847412 24.925000038147 25.3930000114441 25.754999961853 25.7799999809265 25.6750000762939 25.8130000114441 25.8620000457764 25.6649999809265 25.2930000114441 25.3569998931885 25.5119999885559 26.1719999504089 26.7428572859083 -9999 -9999 -9999 -9999 -9999 -9999 -9999 -9999 -9999
27.053000202179 26.8409995651245 26.8959996986389 27.1810002708435 27.4269997215271 27.6350005149841 27.763999786377 27.7070002746582 27.3539999961853 26.7920000076294 26.0719999313354 24.9349999809265 22.7410000228882 19.5759999656677 19.3429999542236 17.9179999542236 20.1479999732971 20.7870001029968 19.5219998645782 19.0459999275208 18.309000082016 13.724000043869 14.1999999523163 12.2430000495911 15.1149999713898 18.0229999065399 21.8129999542236 24.7290000343323 26.5409999275208 27.370000038147 25.6699999427795 26.5059999847412 25.6599999427795 25.3089999580383 24.9260000419617 24.7950000572205 25.6430000495911 26.0860000991821 26.330000038147 26.584999961853 26.5699999237061 26.7580000114441 26.5279999923706 26.4300001144409 26.5090000152588 26.6289999198914 26.8681817271493 -9999 -9999 -9999 -9999 -9999 -9999 -9999 -9999 -9999 -9999
26.9869999504089 26.8139996528625 26.9189997673035 27.1780003356934 27.3949995994568 27.5870003318787 27.6970007514954 27.6690006446838 27.386999797821 26.8810001182556 26.191999912262 25.0350000762939 21.9300000190735 20.2549999809265 21.9159999847412 22.7589999389648 22.3359999752045 21.8689999771118 20.8899999809265 20.964999961853 16.2619999694824 14.0960000324249 13.3139999675751 12.8879999446869 19.5529998970032 20.5370000457764 23.075000038147 24.2990000152588 27.1790000534058 27.6590000915527 27.0779999542236 27.3259999275208 27.2419999885559 26.2079999732971 26.3800002288818 25.9370000457764 26.0399999427795 26.489999961853 26.72 26.9349997901917 27.0960003662109 27.2609998130798 27.0890001869202 26.9359997558594 26.9789999198914 27.0240000915527 27.1121216398297 -9999 -9999 -9999 -9999 -9999 -9999 -9999 -9999 -9999 -9999
26.8379997825623 26.9289998626709 26.9950000953674 27.2549998664856 27.4329997444153 27.576000289917 27.619000453949 27.5810003089905 27.3899995994568 26.951000213623 25.9120000267029 24.6320000076294 23.7489999389648 21.3140000343323 25.035 23.3620001029968 20.0920000934601 21.2280000019073 20.2080000782013 21.5219999694824 14.9420000362396 17.6829999637604 18.7279999732971 21.4340000343323 23.0610000228882 22.6779999923706 23.845 25.4820000076294 26.1349999809265 28.0470000267029 28.4969999504089 28.4200000953674 28.2329999923706 27.0789999961853 26.808000087738 26.5189999961853 26.4830000495911 26.7089999580383 27.0560001945496 27.2030001831055 27.2889998054504 27.3759995269775 27.2060001373291 27.0410001564026 27.0570001983643 26.930851002957 -9999 -9999 -9999 -9999 -9999 -9999 -9999 -9999 -9999 -9999 -9999
