All_rasters_2/Temperature.asc
NCOLS 176 
NROWS 173 
XLLCORNER -17.5416666666687 
YLLCORNER -34.7083333333343 
CELLSIZE 0.41666666666667 
NODATA_value -9999 
[rows 0 to 24 of 173, columns 0 to 56 of 176]
-9999.000000000000000 -9999 -9999 -9999 -9999 -9999 -9999 -9999 -9999 -9999 -9999 -9999 -9999 -9999 -9999 -9999 -9999 -9999 -9999 -9999 -9999 -9999 -9999 -9999 -9999 -9999 -9999 -9999 -9999 -9999 -9999 -9999 -9999 -9999 -9999 -9999 -9999 -9999 -9999 -9999 -9999 -9999 -9999 -9999 -9999 -9999 -9999 -9999 -9999 -9999 -9999 -9999 -9999 -9999 -9999 -9999 -9999
-9999 -9999 -9999 -9999 -9999 -9999 -9999 -9999 -9999 -9999 -9999 -9999 -9999 -9999 -9999 -9999 -9999 -9999 -9999 -9999 -9999 -9999 -9999 -9999 -9999 -9999 -9999 -9999 -9999 -9999 -9999 -9999 -9999 -9999 -9999 -9999 -9999 -9999 -9999 -9999 -9999 -9999 -9999 -9999 -9999 -9999 -9999 -9999 -9999 17.6722221904331 17.2316667238871 17.1942030174145 16.2985714231219 15.9144737344039 16.3044444825914 15.0777777919063 15.6050000905991
-9999 -9999 -9999 -9999 -9999 -9999 -9999 -9999 -9999 -9999 -9999 -9999 -9999 -9999 -9999 -9999 -9999 -9999 -9999 -9999 -9999 -9999 -9999 -9999 -9999 -9999 -9999 -9999 -9999 -9999 -9999 -9999 -9999 -9999 -9999 -9999 -9999 -9999 -9999 -9999 -9999 -9999 -9999 -9999 16.8410256092365 17.4450000858307 17.3309999275208 17.2019999408722 16.4630000019073 14.8439999294281 15.3089999294281 15.6919999790192 15.6600000190735 14.8489999961853 13.3450000095367 13.0080000495911 14.2159999752045
-9999 -9999 -9999 -9999 -9999 -9999 -9999 -9999 -9999 -9999 -9999 -9999 -9999 -9999 -9999 -9999 -9999 -9999 -9999 -9999 -9999 -9999 -9999 -9999 -9999 -9999 -9999 -9999 -9999 -9999 -9999 -9999 -9999 -9999 -9999 -9999 -9999 -9999 -9999 -9999 -9999 -9999 17.727499961853 17.7120000076294 17.4260000705719 16.4349999332428 15.5030000591278 15.035999956131 15.4070000457764 14.450999994278 14.7340000534058 15.3980000972748 15.0160000419617 14.2619999599457 12.8769999599457 13.2559999847412 13.9320000076294
-9999 -9999 -9999 -9999 -9999 -9999 -9999 -9999 -9999 -9999 -9999 -9999 -9999 -9999 -9999 -9999 -9999 -9999 -9999 -9999 -9999 -9999 -9999 -9999 -9999 -9999 -9999 -9999 17.5110000038147 16.9468354333805 -9999 -9999 -9999 -9999 -9999 -9999 -9999 -9999 -9999 17.7166666303362 17.0980000495911 17.1659999465942 17.2299999427795 17.2079999828339 16.1760000324249 15.2570000076294 14.8650000095367 15.7700000476837 15.7070000171661 15.0609999847412 14.8010000133514 15.2320000267029 16.0720000457764 16.7539999771118 16.8979999160767 15.1639999866486 12.9650000476837
-9999 -9999 -9999 -9999 -9999 -9999 -9999 -9999 -9999 -9999 -9999 -9999 -9999 -9999 -9999 -9999 -9999 -9999 -9999 -9999 -9999 -9999 -9999 -9999 -9999 -9999 -9999 18.0534883321718 17.8360000705719 15.5680000305176 15.2360824604624 15.2153846422831 16.2122223324246 16.6053190840052 17.6717390392138 18.7479452107051 18.090625077486 16.9901639907086 17.3302083412806 16.2650000286102 15.4319999980927 16.1260000514984 16.1849999809265 15.6680000400543 14.8780000305176 13.9989999866486 13.8810000133514 15.480999994278 14.949000005722 13.8500000190735 13.8629999637604 14.0030000019073 14.7780000209808 16.5539999675751 18.3859998893738 18.8560000038147 15.6630000305176
-9999 -9999 -9999 -9999 -9999 -9999 -9999 -9999 -9999 -9999 -9999 -9999 -9999 -9999 -9999 -9999 -9999 -9999 -9999 -9999 -9999 -9999 -9999 -9999 -9999 -9999 18.827777756585 18.5359999275208 18.7720000267029 18.4680000495911 17.115 14.6860000324249 13.8689999866486 15.2210000705719 17.1149999046326 17.4460000133514 15.7160000514984 15.8409998893738 14.5650000095367 13.6219999790192 13.6329999828339 14.2520000171661 14.6519999790192 14.6740000343323 14.7460000228882 14.3759999752045 14.4039999485016 14.9600000286102 14.384999961853 13.3890000343323 13.3800000190735 13.979999961853 15.8989999961853 17.9920000648499 20.1560000038147 21.6420000076294 21.8890003204346
-9999 -9999 -9999 -9999 -9999 -9999 -9999 -9999 -9999 -9999 -9999 -9999 -9999 -9999 -9999 -9999 -9999 -9999 -9999 -9999 -9999 -9999 -9999 -9999 -9999 -9999 18.8663042731907 19.0810001373291 19.1370000648499 18.8889999103546 18.6680000686646 17.7250000572205 15.9799999713898 17.3940000152588 17.3580000019073 15.3689999675751 14.515000038147 14.4060000038147 13.9879999828339 13.6279999923706 13.7769999980927 14.4769999885559 15.1219999694824 15.3039999294281 14.9710000324249 14.3939999866486 13.9410000228882 13.8119999599457 14.3109999847412 15.0649999809265 15.7999999904633 16.4440000152588 18.3499999809265 19.3670000267029 20.4859999656677 21.58 22.1650003051758
-9999 -9999 -9999 -9999 -9999 -9999 -9999 -9999 -9999 -9999 -9999 -9999 -9999 -9999 -9999 -9999 -9999 -9999 -9999 -9999 -9999 -9999 -9999 -9999 17.79117640327 17.683529438692 17.8789999961853 18.075000038147 17.1549998950958 16.0829999923706 15.4949999713898 15.2119999790192 12.6669999933243 15.514999961853 14.0939999675751 13.8620000171661 14.8419999504089 15.1370000076294 15.0750000476837 15.0420000076294 15.1679999923706 15.4879999542236 15.3389999294281 14.9710000324249 14.364000005722 13.845 13.9919999885559 15.0220000076294 16.3700000667572 17.4269999217987 17.7929997825623 17.8389999389648 18.5560000419617 19.6080000114441 20.4500000190735 21.2510000038147 21.9310001373291
-9999 -9999 -9999 -9999 -9999 -9999 -9999 -9999 -9999 -9999 -9999 -9999 -9999 -9999 -9999 -9999 -9999 -9999 -9999 -9999 -9999 -9999 17.3527273004705 17.3944444444444 17.7250001144409 17.4689999961853 17.0299999809265 15.7229999637604 14.9199999904633 12.5760000133514 11.2519999980927 12.5290000152588 11.6289999818802 15.1539999771118 13.9839999675751 14.6749999904633 15.3589999771118 15.6020000457764 15.8050000190735 15.8500000286102 15.9420001411438 15.9230001449585 15.4949999237061 15.0939999771118 14.9639999961853 15.2120000076294 16.1139999580383 16.8850000190735 17.4490000534058 17.9380000686646 18.176999835968 18.5489999580383 19.1639999961853 19.9510000228882 20.8350000190735 21.2300001335144 21.5930002212524
-9999 -9999 -9999 -9999 -9999 -9999 -9999 -9999 -9999 -9999 -9999 -9999 -9999 -9999 -9999 -9999 -9999 -9999 -9999 -9999 -9999 17.7267440973326 17.7419999694824 17.415 17.3030000495911 17.2669999694824 17.2650000572205 16.3310000228882 15.0399999713898 11.5750000190735 12.6460000133514 14.3919999694824 15.879000005722 15.0579999923706 13.8249999904633 14.8519999694824 15.419000005722 15.9190000534058 16.2310002613068 15.9800001907349 15.8930001544952 16.3980000400543 16.4810000133514 16.9560000133514 17.2879998970032 17.7359999275208 17.9040000534058 18.2880000305176 18.6379999732971 18.9489999580383 19.095 19.7910000419617 20.2970000076294 20.7280000114441 21.3029999351501 21.5290000343323 21.5290001106262
-9999 -9999 -9999 -9999 -9999 -9999 -9999 -9999 -9999 -9999 -9999 -9999 -9999 -9999 -9999 -9999 -9999 -9999 -9999 -9999 18.4022223154704 18.3710001182556 18.1679999732971 18.2570000267029 18.3340001106262 18.5330000114441 18.7529998397827 16.995999917984 13.4149999809265 12.2489999723434 11.917999997139 13.9039999771118 14.1449999713898 14.6519999885559 16.2319999980927 16.730999994278 17.1090000629425 17.3340000343323 17.0279999923706 16.6869999790192 17.0390000152588 17.9760000038147 18.5530000209808 18.3739999580383 18.5030000495911 18.7910000419617 19.2070000076294 19.6720000457764 19.874999961853 19.8769999313354 20.1440001106262 20.8569999885559 21.2390001106262 21.3659998893738 21.5910001182556 21.8639996147156 21.7630000305176
-9999 -9999 -9999 -9999 -9999 -9999 -9999 -9999 -9999 -9999 -9999 -9999 -9999 -9999 -9999 -9999 -9999 -9999 -9999 -9999 18.3709998893738 18.330000038147 18.2430000305176 18.7810001754761 19.1080001068115 18.6109999847412 16.7749999141693 12.870999956131 10.0680000352859 10.9990000295639 14.1400000190735 16.0330000686645 16.9949999427795 17.5420000267029 18.1469999313355 18.5140000343323 18.5980000305176 17.5020000267029 18.2269999694824 18.8309999656677 19.213000087738 19.1749999427795 19.4140000724792 19.4189999961853 19.6089999771118 19.9159999847412 20.2019999885559 20.6799998855591 21.0400000190735 20.8560000419617 21.0739999389648 21.5859999656677 21.8090000343323 21.8679999351501 22.026999912262 22.0880002784729 21.9909999656677
-9999 -9999 -9999 -9999 -9999 -9999 -9999 -9999 -9999 -9999 -9999 -9999 -9999 -9999 -9999 -9999 -9999 -9999 -9999 17.2964286123003 18.2710000228882 19.1529999542236 19.1270000839233 18.7890000343323 17.8060000324249 15.4180000829697 12.0210000181198 9.215 10.2999999761581 14.7779999542236 18.3689999485016 19.4190000724792 19.3260000228882 18.9110000610352 19.6340000152588 20.1780000305176 19.8669998931885 19.6770000076294 20.1579999923706 19.9609998893738 19.9619999885559 20.0339999580383 20.0619999313354 20.1879999542236 20.4789999961853 20.8790000534058 21.0110001564026 21.251999874115 21.4880000114441 21.6140000534058 21.7180000305176 22.0470001029968 22.2230000686646 22.2830000495911 22.3350001525879 22.3499998474121 22.2959999465942
-9999 -9999 -9999 -9999 -9999 -9999 -9999 -9999 -9999 -9999 -9999 -9999 -9999 -9999 -9999 -9999 -9999 -9999 -9999 15.6949999046326 15.6719999790192 16.4199999237061 16.1930000114441 13.5519999551773 12.3939999580383 12.1379999923706 12.0839999961853 13.7379999351501 14.3550000095367 17.8830000495911 19.5390000534058 20.8280000114441 20.8060000610352 19.8580000114441 20.425 21.1630000686646 21.0719999885559 20.9060000038147 20.6900001525879 20.6989999580383 20.7870000267029 20.8390000724792 21.0450000190735 21.0680000686645 21.1760000038147 21.2820000267029 21.3029998779297 21.4759999084473 21.6650005340576 21.8029998016357 22.1170000839233 22.3859998321533 22.5620001792908 22.7150000953674 22.7759998703003 22.6450004196167 22.5920003509521
-9999 -9999 -9999 -9999 -9999 -9999 -9999 -9999 -9999 -9999 -9999 -9999 -9999 -9999 -9999 -9999 -9999 -9999 -9999 14.4120000362396 12.2169999933243 10.9019999885559 12.167999997139 10.6260000038147 14.9480000495911 17.8349999332428 17.6380000114441 16.3309998989105 17.9410000324249 20.2480000209808 21.6479999351501 21.7340000534058 21.6690001106262 21.2780000114441 21.3260000038147 21.9879999923706 21.9990000152588 21.5560000419617 21.3380001068115 21.4250001525879 21.5420000839233 21.5540000915527 21.5659998893738 21.6399999046326 21.6790000724792 21.6430001068115 21.6480001449585 21.6810003662109 21.7130003356934 21.8029999923706 22.2340000534058 22.5930002403259 22.8399997520447 22.9389998817444 22.9509998130798 22.8239995765686 22.7779997825623
-9999 -9999 -9999 -9999 -9999 -9999 -9999 -9999 -9999 -9999 -9999 -9999 -9999 -9999 -9999 -9999 -9999 -9999 -9999 17.2220000362396 18.7160000133514 18.1799999523163 16.6009999752045 13.9559999322891 15.3679999923706 18.1339999198914 18.579999961853 20.195 21.219999961853 21.8489999961853 22.1589998817444 22.2760000610352 22.0970000648499 22.0839999580383 22.1679998588562 22.3359999847412 22.5299999427795 22.1890001678467 22.0579999351501 22.0209999847412 22.0919998550415 22.146999912262 22.1739999771118 22.1850000190735 22.1660000610352 22.1209999656677 22.0670000267029 22.0060000038147 21.9279997634888 22.1509999656677 22.361999912262 22.761999912262 23.0540002059937 23.1310004997253 23.0670002555847 23.0070000267029 22.956999835968
-9999 -9999 -9999 -9999 -9999 -9999 -9999 -9999 -9999 -9999 -9999 -9999 -9999 -9999 -9999 -9999 -9999 -9999 -9999 19.1893616128475 16.8739999580383 14.2940000343323 15.115999994278 16.1869999504089 19.6279999637604 21.645000038147 21.4000000190735 22.3069999313355 23.1970000648499 22.8780000495911 23.095 23.4539999771118 23.1559999656677 22.8839999961853 22.7950000762939 22.8839998626709 23.0549999046326 22.9319999504089 22.7570000267029 22.7069999504089 22.7119999694824 22.7459999465942 22.7710000610352 22.7419999694824 22.7230000305176 22.6789999771118 22.5760000991821 22.326999835968 22.1580001831055 22.3589996337891 22.5340000915527 22.8510001182556 23.1090003967285 23.1880006790161 23.1330004692078 23.0540002059937 23.0750002861023
-9999 -9999 -9999 -9999 -9999 -9999 -9999 -9999 -9999 -9999 -9999 -9999 -9999 -9999 -9999 -9999 -9999 -9999 -9999 18.0220000457764 14.8360000514984 15.6159999847412 18.9349999427795 21.0809999656677 22.5579999351501 23.3349999809265 23.8230000686646 24.079000415802 24.0460003662109 23.9160000228882 23.8189998245239 23.994999961853 23.7960000228882 23.6539998626709 23.460000038147 23.1800001144409 23.4040000343323 23.3699999809265 23.3290000343323 23.2689999771118 23.2889999389648 23.3460000801086 23.4460000228882 23.4480001449585 23.2989999008179 23.1130000686646 22.705 22.2500000762939 22.3299998664856 22.3699997711182 22.8110000419617 22.9409997749329 23.0840003204346 23.1310004043579 23.1620004653931 23.1840003013611 23.2120003700256
-9999 -9999 -9999 -9999 -9999 -9999 -9999 -9999 -9999 -9999 -9999 -9999 -9999 -9999 -9999 -9999 -9999 -9999 17.2289999103546 16.5130000114441 17.3190000915527 19.8419999885559 21.7420000839233 22.6489999198914 23.0860001373291 22.8110000038147 23.0799999237061 23.4619999885559 23.8699999809265 24.2090000152588 24.2599999237061 24.3160000419617 24.1040001869202 24.2039999580383 24.0839999008179 23.7849998855591 23.6999997329712 23.7779998779297 23.8799999809265 23.8829999732971 23.7990000152588 23.9770000267029 24.2220000839233 23.8729998397827 23.636000213623 23.3479998016357 22.7269999504089 22.6129999732971 22.2390001106262 22.4899998855591 22.8719996643066 22.9349997520447 23.0080000305176 23.1840001678467 23.2510000419617 23.3469995689392 23.3299994659424
-9999 -9999 -9999 -9999 -9999 -9999 -9999 -9999 -9999 -9999 -9999 -9999 -9999 -9999 -9999 -9999 19.3700000524521 18.8870000839233 18.8680000114441 18.8750000762939 20.6220000267029 21.8760000419617 22.1370000457764 22.5139999771118 22.8099999809265 23.23 23.6269999694824 24.0629998397827 24.4440000534058 24.674999961853 24.8319999694824 24.7930000305176 24.6899999809265 24.5789999771118 24.6510000419617 24.6479999160767 24.220000038147 24.1780002975464 24.1770003509521 24.2180002212524 24.1719999313354 24.4379998970032 24.3450001525879 23.8740002250671 23.5659998893738 23.2309999465942 23.0770002174377 22.5769996070862 22.3659997177124 22.6270002746582 22.8379998016357 22.8259998321533 23.0410001373291 23.3229996681213 23.3809996795654 23.4349998092651 23.4679998779297
-9999 -9999 -9999 -9999 -9999 -9999 -9999 -9999 -9999 -9999 -9999 -9999 -9999 -9999 -9999 19.8904255603222 19.4939999961853 19.2660000228882 20.0569999313355 21.2650000572205 21.7740002059937 21.8149999237061 22.0449999046326 22.675000038147 23.4399999427795 23.9060000228882 24.3269999694824 24.7049999809265 24.9419998168945 25.0900001525879 25.1960001182556 25.1840002059937 25.1510000801086 25.1070001792908 25.0830002784729 25.0290001106262 24.9539999389648 24.83899974823 24.6099997329712 24.524999961853 24.4579998397827 24.3889996528625 24.2290002250671 23.8809998512268 23.771999835968 23.6369999694824 23.0809999656677 22.5550001335144 22.4179996871948 22.5750002670288 22.7379999923706 22.8030001068115 22.9329998397827 23.3199998092651 23.4099997520447 23.5910003471375 23.6210003471374
-9999 -9999 -9999 -9999 -9999 -9999 -9999 -9999 -9999 -9999 -9999 -9999 19.7234375178814 19.5189872693412 19.8908162408946 19.8590000152588 19.5540000915527 19.884999961853 20.5899999809265 21.03 21.3689999580383 22.0139999961853 22.7030000305176 23.4289999198914 24.0610000038147 24.485000038147 24.7120001411438 24.9829999351501 25.1350003623962 25.316999797821 25.4289997291565 25.4779999160767 25.4919999694824 25.4509998130798 25.3979996490479 25.3309997177124 25.2410000419617 25.0640001869202 24.943999786377 24.8899996757507 24.7320000839233 24.3849996185303 24.3139997673035 24.1350002098084 24.0709998130798 23.6050000190735 23.1629999923706 23.4079999923706 23.0659997749329 23.1419998168945 22.6820000267029 22.76 23.6190000343323 23.2930001068115 23.3409998703003 23.6550004768372 23.736999874115
-9999 -9999 -9999 -9999 -9999 -9999 -9999 -9999 -9999 -9999 -9999 19.6670002174377 19.4479998779297 19.3780001068115 20.1120000076294 20.1229998970032 20.0160000419617 20.068000125885 20.5600000190735 21.2709999656677 21.9579999732971 22.5609999847412 23.3230001068115 23.919999961853 24.2449999809265 24.5979999732971 25.0389999389648 25.3249998474121 25.4809999847412 25.6979999923706 25.7679998207092 25.7809997367859 25.6760005569458 25.6220004463196 25.6080003356934 25.5930003547668 25.5380001449585 25.3399998474121 25.2370000839233 25.22 25.2860000228882 24.9610000228882 24.7680000305176 24.8050000190735 24.6710000610352 24.2070000076294 24.0330000114441 24.4710000228882 24.2659999656677 24.4670000457764 24.1840000534058 23.963000125885 23.8839995765686 23.8479996681213 23.6070000457764 23.6859999847412 23.8840000724792
-9999 -9999 -9999 -9999 -9999 -9999 -9999 -9999 -9999 -9999 20.0530612712004 19.9309999656677 19.7890001678467 19.8990001296997 20.775 21.1719999694824 21.1920001411438 21.0699999427795 21.2519999504089 21.7689999771118 22.4690000724792 23.0230000305176 23.5969999885559 24.1229999160767 24.6389999580383 25.3119999313354 25.5500001716614 25.6180004501343 25.7629999351501 25.8169995307922 25.8129996490479 25.705 25.4259998130798 25.4359997749329 25.6300003814697 25.7919998168945 25.8289998626709 25.7080000495911 25.6680000114441 25.6250000953674 25.8290001106262 25.9479999542236 25.5189999771118 25.5280000114441 25.4880000686646 25.2760000801086 25.3399999427795 25.3250000762939 25.2199998855591 24.9669999313355 24.8740000343323 24.4659999465942 24.1390000724792 23.9889999389648 23.9479998397827 24.0010000610352 24.1770000648499
