All_rasters_2/Temperature.asc
NCOLS 176 
NROWS 173 
XLLCORNER -17.5416666666687 
YLLCORNER -34.7083333333343 
CELLSIZE 0.41666666666667 
NODATA_value -9999 
[rows 100 to 124 of 173, columns 57 to 113 of 176]
-9999 -9999 -9999 -9999 -9999 -9999 -9999 -9999 -9999 -9999 -9999 -9999 -9999 25.2297619183858 25.0769999313355 24.0320000076294 24.0679999160767 24.3069999694824 23.3710000610352 23.7139999580383 24.2469999885559 24.8379999160767 24.5989999961853 23.6199999809265 23.9960000038147 24.5410000419617 24.6760000419617 24.5270000076294 24.5410001182556 24.8689999580383 24.92 25.0440000724792 25.0670000839233 25.0140000724792 24.9539999198914 24.8319999885559 24.6120001029968 24.5890000152588 24.7459999275208 24.6900000953674 25.0229999732971 24.9409999084473 24.9389998054504 24.9279999542236 24.9780001068115 25.1380000305176 25.2589999580383 25.5340000724792 25.4199999809265 24.8290000534058 24.5130000114441 24.0410000228882 24.0270000648499 22.5830000114441 21.1160000038147 23.6809999847412 21.4090000343323
-9999 -9999 -9999 -9999 -9999 -9999 -9999 -9999 -9999 -9999 -9999 -9999 -9999 -9999 25.0260000038147 25.0339999389648 23.8430000305176 23.1410000228882 24.4069999885559 24.6070000457764 23.8070000457764 23.8860000228882 24.2340000343323 23.4829998970032 24.043000164032 24.3410000228882 24.3749999046326 24.4559999465942 24.1440000534058 24.5020000839233 24.9790001869202 24.5850001144409 24.9170000267029 24.9540000343323 24.6339999771118 24.8239999580383 24.7579999923706 24.6429999542236 24.8569998931885 24.7729999923706 24.9940000152588 25.156999874115 25.0110000801086 24.8959998130798 24.7450001335144 24.875000038147 25.0890000915527 25.4509998130798 25.3099996757507 24.9989999008179 24.5739999961853 23.6929999542236 23.170000038147 23.6080000686646 19.8770000076294 -9999 23.2320000076294
-9999 -9999 -9999 -9999 -9999 -9999 -9999 -9999 -9999 -9999 -9999 -9999 -9999 -9999 24.8657534612368 25.2069999694824 24.3980000114441 24.1849999427795 24.9579999923706 24.3610000991821 23.7789999198914 23.384999961853 23.2419999313354 23.19 24.090000038147 23.6699999809265 23.380000038147 23.4569999885559 23.2639999771118 24.0529999732971 24.2910000228882 23.9440000724792 24.3409999275208 24.7650000190735 24.5469999313354 24.8439999961853 24.8730000495911 24.9569999694824 24.9209998130798 24.864999961853 24.9650000572205 25.2209999275208 25.12 24.7709999847412 24.4799999809265 24.7070000076294 24.9990000915527 25.2829999160767 24.9720000267029 24.6490001106262 24.5850000190735 23.6020000457764 23.0870000839233 22.9100000572205 21.2610000133514 22.9459996032715 23.5279998016357
-9999 -9999 -9999 -9999 -9999 -9999 -9999 -9999 -9999 -9999 -9999 -9999 -9999 -9999 24.8983870475523 25.6269999694824 26.2659999465942 25.6389999771118 25.0129999923706 24.2519999885559 24.105000038147 23.0010000991821 22.5740001106262 23.3520000267029 24.1780000495911 23.1390000534058 23.0429999923706 22.8399999427795 22.5799999237061 22.6969999504089 22.9869999885559 23.3470000267029 23.9059999847412 24.6500000572205 24.7430000305176 24.7119999504089 24.5920001602173 24.5530000305176 24.9769999885559 24.7719999313355 24.8420000076294 25.2800000953674 25.0749999427795 24.4899999237061 24.5139999580383 24.4990000534058 24.7159999847412 24.7539999961853 24.7789998626709 24.9840001487732 24.7449999427795 24.2779999351501 23.9570000267029 22.836999912262 22.1619999885559 23.0889999389648 23.8179998779297
-9999 -9999 -9999 -9999 -9999 -9999 -9999 -9999 -9999 -9999 -9999 -9999 -9999 -9999 -9999 25.9656564731791 26.9250000572205 26.2069999694824 25.2350000572205 23.7310000419617 22.9059999275208 22.4469999885559 22.9060000991821 23.425000038147 23.755000038147 23.4000000190735 22.8459999275208 22.3419999885559 22.1010000419617 22.2469999885559 22.5170000076294 23.1839999580383 24.224999961853 24.3559999847412 24.8189999580383 24.5820000457764 24.4469999885559 24.3319999504089 24.435 24.225 24.4600000190735 25.1320000457764 25.0929999923706 24.2600001335144 24.2519999694824 24.1120000076294 24.1619999313354 24.2070000076294 24.3520000076294 24.9159998512268 24.8449997520447 24.5089999961853 23.7459999465942 22.9219999694824 21.4939999198914 23.3019998168945 22.8179999732971
-9999 -9999 -9999 -9999 -9999 -9999 -9999 -9999 -9999 -9999 -9999 -9999 -9999 -9999 -9999 25.973563336778 26.3990001678467 25.329999961853 24.7859999847412 23.7670000267029 23.425000038147 22.1660000419617 22.5900000572205 22.5149998474121 22.6929999923706 23.5879998779297 22.6820000076294 22.2780001068115 21.8509999465942 22.0070000076294 22.2679998970032 22.9570000648499 23.7909999275208 24.0250000190735 24.6589999961853 24.8430000495911 24.4889999580383 23.9770000457764 23.7929998970032 23.4889999961853 23.589999961853 24.4039999389648 24.81 24.6339999771118 23.9790000152588 23.4689999580383 23.2619999313354 23.3319999885559 24.4350000572205 24.7709999656677 24.7329998970032 24.4620000457764 24.0970000076294 22.9069999885559 21.6080000495911 21.831999912262 24.4709999084473
-9999 -9999 -9999 -9999 -9999 -9999 -9999 -9999 -9999 -9999 -9999 -9999 -9999 -9999 -9999 -9999 26.2140000152588 25.2009999656677 24.8629999542236 24.3940000343323 23.7849999809265 21.770000038147 22.0259999847412 22.2059999847412 23.1840000724792 23.7729999542236 23.3219999313354 22.8789999198914 21.8089999198914 21.7659999847412 22.0410000419617 22.5089999389648 23.2439999008179 24.0150000572205 24.2910000228882 24.5710000228882 24.3259999656677 23.8340000152588 23.5039999580383 23.2649999046326 23.1010000419617 23.5000000953674 24.1059998512268 24.3330000305176 23.6729998970032 22.9979999732971 23.0289999771118 22.7570000076294 24.1669999885559 24.3580001068115 25.1330001449585 25.1769999504089 24.8529999732971 23.695000038147 21.3160000419617 20.9080000305176 23.2260000610352
-9999 -9999 -9999 -9999 -9999 -9999 -9999 -9999 -9999 -9999 -9999 -9999 -9999 -9999 -9999 -9999 26.1033708593819 25.6629999351501 25.3090000724792 24.7869999885559 23.7180000114441 21.3409999084473 21.4109999656677 22.3010000419617 23.6560000038147 23.9439999580383 23.8689999389648 23.2090000724792 22.5530000686646 21.7690000724792 21.8259999656677 22.2339999771118 22.8760000991821 23.7040000534058 24.0899999809265 24.3060000228882 24.0649999046326 23.7910000419617 23.345 23.3309998512268 23.0579998397827 23.2920001220703 23.5470000076294 23.2709999847412 22.8430000686646 22.9640000534058 22.8640000152588 23.2930000114441 23.8819999313355 24.5440000724792 24.9490000534058 25.0319999694824 24.8479999351501 23.0609999465942 21.1429999923706 20.9489999389648 20.4690000152588
-9999 -9999 -9999 -9999 -9999 -9999 -9999 -9999 -9999 -9999 -9999 -9999 -9999 -9999 -9999 -9999 26.0632655474604 25.981999912262 25.5060000610352 24.9660000038147 23.664999961853 21.7940000915527 20.9230000114441 21.7609999465942 23.1060000038147 23.7380000686646 23.5459999275208 23.2040000915527 23.0039999771118 22.2299999046326 21.6340000915527 22.0010000038147 22.4719999504089 23.2450000953674 23.8980000305176 24.0620000457764 23.969999961853 23.6289999771118 23.2070000076294 23.2630000114441 22.9920001220703 22.9430000305176 23.0279999351501 22.8849999046326 22.6639998817444 22.9139999389648 23.7359999275208 23.8960001182556 23.7979999160767 24.5430000495911 24.4670000839233 23.5220000267029 24.1029999923706 23.5660000228882 22.589999961853 21.5840000343323 20.5779999351501
-9999 -9999 -9999 -9999 -9999 -9999 -9999 -9999 -9999 -9999 -9999 -9999 -9999 -9999 -9999 -9999 -9999 25.6602151522072 25.5020000457764 25.0129999923706 23.8290000915527 22.5840000152588 20.9289998817444 21.3000000190735 22.7619999504089 23.6269999504089 23.2370000648499 23.4430001068115 22.918000087738 21.8319999885559 21.4560000038147 21.8029999923706 22.1780000495911 22.6500001144409 23.2870000076294 23.5829999160767 23.7160000991821 23.5349999809265 23.0919999694824 23.3440000724792 22.9610001754761 22.7979998779297 22.8290001678467 22.6470001792908 22.4759999084473 22.5450000953674 23.3259999465942 24.2849998283386 24.7809999275208 24.7760000610352 22.8200000762939 21.5740000534058 22.8629999923706 22.7889999580383 23.2170000076294 21.8979999732971 23.27
-9999 -9999 -9999 -9999 -9999 -9999 -9999 -9999 -9999 -9999 -9999 -9999 -9999 -9999 -9999 -9999 -9999 25.2340910651467 25.4760000038147 24.6919999504089 23.5529999160767 22.6589999771118 21.0070000839233 21.3609999275208 22.1429998588562 23.6109999275208 23.2180000686646 23.2899999427795 22.7070000267029 21.8579999542236 21.458000125885 21.5529999923706 22.0140000152588 22.465 23.1080000114441 23.3359999847412 23.1109998893738 23.2699998855591 22.9390001487732 23.0630000686646 22.6680000686646 22.6099999237061 22.8719999885559 22.4709997940063 22.4649998664856 22.7740001106262 23.2150000572205 24.0740000343323 24.8729999923706 22.6209999465942 20.2 21.2269999504089 22.2339999771118 22.5240001296997 23.3790003395081 22.8620000076294 24.044999961853
-9999 -9999 -9999 -9999 -9999 -9999 -9999 -9999 -9999 -9999 -9999 -9999 -9999 -9999 -9999 -9999 24.3758063777801 24.7389999771118 25.2340000534058 24.825 23.3149999427795 22.4330001068115 21.8849999427795 21.8390001296997 21.6399999427795 22.1290000343323 22.9809999656677 23.0869999694824 22.2799999046326 21.8329998970032 21.6380001831055 21.3979999923706 21.8410001182556 22.2890001678467 22.6229999542236 22.7569999694824 22.7240002250671 22.9600001716614 22.7660001945496 22.9420000839233 22.5240000915527 22.4669998168945 22.8489999389648 22.4839998435974 22.4979998779297 23.120000038147 23.9630000305176 24.761999874115 23.4389999580383 21.5660000228882 21.4660000801086 20.895 21.2300000190735 23.1509998130798 23.1969998931885 23.019999961853 22.7039999961853
-9999 -9999 -9999 -9999 -9999 -9999 -9999 -9999 -9999 -9999 -9999 -9999 -9999 -9999 -9999 -9999 24.2500002543132 24.1930002593994 24.7290000534058 24.853000125885 23.58 22.6630000305176 21.9950000762939 21.5829999160767 21.2410001182556 21.0020000457764 22.1680000114441 22.535 22.1880000305176 22.0469999694824 21.7090001106262 21.3910000991821 21.594999961853 21.9739999389648 22.1640000915527 22.3689999389648 22.4959998130798 22.7410001945496 22.6970003700256 23.0290000534058 22.8910000038147 22.7470001411438 22.7229998779297 22.6890001106262 23.1270001602173 23.4919999313354 23.7980000305176 23.2860000610352 20.2820000457764 22.1370000839233 22.8360002326965 19.7949999046326 21.3949999427795 23.06600025177 22.2169999694824 21.7710000228882 21.3160000038147
-9999 -9999 -9999 -9999 -9999 -9999 -9999 -9999 -9999 -9999 -9999 -9999 -9999 -9999 -9999 -9999 -9999 24.1621054197613 24.193000087738 24.2819999504089 22.8389999389648 21.4320000076294 21.3409999847412 21.2130000305176 21.0470000839233 21.0060000228882 20.9389999580383 21.3989999198914 21.2229999923706 22.0530002212524 21.7260000228882 20.9030000495911 21.1839999771118 21.648000087738 21.8069999504089 22.06 22.3539999389648 22.6880001068115 22.9329998207092 22.9969997215271 23.2319999313354 22.9110000038147 22.5839999580383 22.6169999504089 22.9890000724792 22.8039999389648 22.2120000076294 20.2400000762939 21.2340000152588 22.5159999847412 22.7929998397827 20.0540000343323 21.6389999580383 22.7309999275208 21.5889999961853 21.2770000076294 20.4729999542236
-9999 -9999 -9999 -9999 -9999 -9999 -9999 -9999 -9999 -9999 -9999 -9999 -9999 -9999 -9999 -9999 -9999 24.1531913838488 24.2489998245239 23.5659998893738 21.6220000076294 20.7989999580383 20.3079998970032 20.3679999351501 20.8939999771118 21.0010000038147 21.0190000724792 20.9620001029968 20.6159999084473 21.2459999465942 21.1639999008179 20.8009998703003 20.8179999160767 21.2440000152588 21.521999912262 21.7979999542236 22.1389999198914 22.6219999885559 23.0419999694824 22.9299999237061 22.8850000190735 22.3749999809265 21.8760000228882 21.8959999847412 22.1889999389648 22.0289999580383 20.1519999694824 19.0060000228882 20.915 21.6370000267029 22.393000164032 19.9089998435974 21.0129999923706 22.2679999351501 21.1360000419617 20.8460000419617 20.5670000076294
-9999 -9999 -9999 -9999 -9999 -9999 -9999 -9999 -9999 -9999 -9999 -9999 -9999 -9999 -9999 -9999 -9999 -9999 24.1274726364639 23.0890000915527 21.6529999923706 20.7260000038147 20.0809999847412 19.1449999427795 20.3730000114441 20.9420001029968 20.9940000724792 21.0770003128052 20.6439999389648 20.8089998817444 20.939999961853 20.4479998207092 20.6170001029968 20.9569998550415 21.3069998931885 21.5390001296997 21.8809999275208 22.3940000343323 22.714999961853 22.3440000534058 22.061999912262 21.6910000610352 21.4209999847412 21.1459999656677 21.4160000610352 20.9720000076294 20.4600000953674 19.9169999885559 20.1230000686646 20.7940000152588 21.3039999198914 20.8910000038147 20.9130000114441 21.5209999847412 20.7419999694824 20.741999912262 21.1110004043579
-9999 -9999 -9999 -9999 -9999 -9999 -9999 -9999 -9999 -9999 -9999 -9999 -9999 -9999 -9999 -9999 -9999 -9999 24.2135137351784 23.500000038147 22.7210000228882 20.8339999389648 19.6670001029968 18.9569999694824 19.4309999084473 20.1820000267029 20.1910000038147 20.9480002403259 20.6189999961853 20.4139999580383 20.5389999008179 20.3250000762939 20.6580000305176 20.9809999084473 21.1640003585815 21.3519997024536 21.5830001449585 21.7930000686646 21.7990000343323 21.4839999771118 21.1490000724792 21.0470001792908 20.91 20.3480001068115 20.4320000267029 20.2269999313354 20.1929999732971 19.5320000267029 19.2899998664856 20.4030000114441 20.5119999504089 20.7240000724792 20.9479998397827 20.9589999580383 20.2220000076294 20.6509998130798 21.0440001678467
-9999 -9999 -9999 -9999 -9999 -9999 -9999 -9999 -9999 -9999 -9999 -9999 -9999 -9999 -9999 -9999 -9999 -9999 24.151765015546 23.5840002059937 23.1640000343323 21.1259999084473 20.1590000152588 19.0829998588562 19.4870000457764 19.0409999656677 19.9429999732971 20.8560000228882 20.7379999923706 20.3620000267029 20.2529999351501 20.4909999847412 20.6910000610352 20.9649998664856 21.0760001564026 21.1700003051758 21.1410000228882 21.131999912262 21.0559998893738 20.9079998207092 20.8259998130798 20.8699999809265 20.2879999923706 19.738000164032 19.7629998970032 19.4949998474121 19.6709998703003 19.4429999542236 19.2550001144409 19.9869999504089 19.9199999809265 20.5230000114441 20.7469999694824 20.5539999008179 19.9849999046326 20.7459999275208 20.8479996871948
-9999 -9999 -9999 -9999 -9999 -9999 -9999 -9999 -9999 -9999 -9999 -9999 -9999 -9999 -9999 -9999 -9999 -9999 23.8239585558573 22.8369999504089 21.943000087738 20.695000038147 19.9890000152588 19.3249999427795 19.0789999580383 18.8010000419617 19.9769999313354 20.6180001831055 19.9410000038147 19.9459999847412 20.1750000190735 20.499999961853 20.5780000114441 20.7530001068115 20.9900000190735 20.941999874115 20.6679999923706 20.4590001106262 20.3750001144409 20.4389999771118 20.4129998207092 19.990000038147 19.6229999542236 19.8840000152588 19.7230000495911 19.8459999465942 19.7479999351501 19.2860000610352 19.1149999809265 19.3759999084473 19.6030003738403 19.9850000190735 20.3249999809265 20.6270001029968 20.6929999923706 20.5779999351501 20.6620004463196
-9999 -9999 -9999 -9999 -9999 -9999 -9999 -9999 -9999 -9999 -9999 -9999 -9999 -9999 -9999 -9999 -9999 24.1122808623732 22.855 21.575 20.5869999694824 19.530000038147 19.4690000152588 19.1619999694824 18.6650000190735 18.718000164032 19.9940000915527 20.4230000114441 19.9579998970032 19.9359999847412 20.2480000686646 20.6290000343323 20.8320000457764 20.7479999923706 20.6609999847412 20.6170000076294 20.1860000038147 19.8020000267029 19.6059999465942 19.8730000305176 20.1469999694824 19.9389999961853 20.0059999656677 20.2100000572205 20.2750000190735 20.4359998703003 20.0420000839233 19.5499999046326 19.6009998893738 19.5439999961853 19.5500001525879 19.66100025177 19.7609999084473 20.0600000190735 20.2630000114441 20.3309998512268 20.4409998512268
-9999 -9999 -9999 -9999 -9999 -9999 -9999 -9999 -9999 -9999 -9999 -9999 -9999 -9999 -9999 -9999 23.7765625119209 23.3509999275208 22.4549999427795 21.5689999198914 19.800000038147 19.1140000534058 18.7789999389648 18.7199999427795 18.9010000419617 19.1870000076294 20.1410000801086 20.2400000762939 20.053000087738 20.0199999427795 20.4379999732971 20.6089999008179 20.8079999542236 20.7189999771118 20.5749999237061 20.2780000114441 19.8580000686646 19.3399999809265 18.8909999847412 19.5420000457764 20.4079999923706 20.9539999961853 20.961999912262 20.7999998855591 20.7929998016357 20.5410000038147 20.0780000686646 19.7339999389648 19.8659999084473 19.8039999771118 19.8669999313354 19.8390000343323 19.9339999961853 19.8259999465942 19.8379997634888 20.0040000152588 19.8150001144409
-9999 -9999 -9999 -9999 -9999 -9999 -9999 -9999 -9999 -9999 -9999 -9999 -9999 -9999 -9999 -9999 22.8209999847412 22.7419999504089 21.8850000190735 21.1349999809265 19.4219999313354 18.4389999771118 18.8990000343323 19.0039999389648 19.3909999465942 19.6109999656677 20.1910001945496 20.2349999809265 20.0620000076294 20.3780000686646 20.4239999961853 20.9100000953674 21.0569999885559 20.9920000648499 20.4489998435974 20.1040001106262 19.7979998588562 19.4720000648499 19.4150000762939 20.4520000076294 22.0579999923706 22.1240000343323 21.5690000152588 21.188000087738 20.7650001335144 20.4219999694824 19.8900000572205 19.5560000419617 19.990000038147 20.2010000610352 20.3689999961853 20.354999961853 20.3069999504089 20.0650000190735 19.5680000114441 19.4270000267029 18.860000038147
-9999 -9999 -9999 -9999 -9999 -9999 -9999 -9999 -9999 -9999 -9999 -9999 -9999 -9999 -9999 22.6011363376271 22.0580000114441 22.5839999198914 21.83 18.8649999427795 18.1169999694824 18.6300000190735 19.2309999656677 19.2120000457764 19.6540000534058 19.8599998474121 20.0089999961853 20.0340000152588 20.1139999961853 20.5589999198914 20.7209999656677 21.2160000419617 21.5429998970032 21.1210000419617 20.5029999923706 20.0059999275208 19.7949998855591 19.9249998474121 20.3219999313354 21.2800000190735 22.5850000572205 22.6129999923706 21.8720000648499 21.1629999732971 20.7720000076294 20.5720001029968 20.2469999313354 19.9690000152588 20.2810000228882 20.1160000038147 20.6110001182556 20.5960000228882 20.2740000152588 19.9189999961853 19.8169999885559 19.3689999961853 18.7300000572205
-9999 -9999 -9999 -9999 -9999 -9999 -9999 -9999 -9999 -9999 -9999 -9999 -9999 -9999 -9999 22.641999912262 23.1469999313355 22.7979998588562 22.3160000228882 19.1800000190735 19.1960000038147 19.5479999351501 19.9220000648499 19.6999999809265 19.9129998970032 20.0129999351501 19.9879999732971 19.9099997138977 20.1040000724792 20.4109999465942 20.9030000686646 21.2509999847412 21.4239999008179 21.0830000305176 20.4889999389648 20.0529998588562 19.865000038147 20.3349999809265 20.9420000457764 21.704999961853 22.4180000686646 22.5160000610352 21.9980000686646 21.3289999961853 20.9549999427795 20.6760000610352 20.6540001487732 20.5789999008179 20.5010000610352 20.2329999732971 20.7539999008179 20.8879997634888 20.6879999923706 20.3530000305176 20.1360000801086 19.61 19.5040000343323
-9999 -9999 -9999 -9999 -9999 -9999 -9999 -9999 -9999 -9999 -9999 -9999 -9999 -9999 22.2891891582592 22.5179999923706 23.5179999732971 22.8820001029968 20.5190000152588 19.5819999885559 20.1219999694824 20.4720001220703 20.4019999313354 20.2269999313354 20.3920001411438 20.2999999809265 20.0430000114441 19.8049998474121 20.1170001411438 20.4889999008179 20.8580001068115 21.0580000114441 21.218000125885 20.9389999389648 20.5399999809265 20.1850003051758 20.2370000648499 20.7790000343323 21.4110000228882 22.0240000343323 22.5170001220703 22.5270001029968 22.1159998893738 21.420000038147 20.8269999504089 20.6300001144409 20.5260000038147 20.7919996070862 20.7449998664856 20.7039999580383 20.8559999656677 20.9959999847412 20.8209999656677 20.6940001106262 20.6729999160767 20.3979999923706 21.3839999580383
