All_rasters_2/UrbanAreas.asc
NCOLS 176 
NROWS 173 
XLLCORNER -17.5416666666667 
YLLCORNER -34.7083333333334 
CELLSIZE 0.416666666666667 
NODATA_value -9999 
[rows 112 to 139 of 173, columns 63 to 125 of 176]
-9999 -9999 -9999 -9999 -9999 -9999 -9999 -9999 -9999 -9999 7.74629954776174e-05 0.000103374803074985 0.000275760787553736 0.0012741615442792 0.00151338020805269 0.000495475636125775 0.000443654572154628 0.00128586639766581 0.00568319526501 0.000962285209971014 0.000228937479732849 7.06343095771445e-05 0.000202502239426394 5.23746630278765e-05 2.06074026095848e-05 3.89978471844188e-05 1.39328858494991e-05 0.0010185394265136 0.00102980772617229 2.66835240836372e-06 0 5.27962984051555e-06 0 2.30243038176758e-13 2.30243038176758e-13 3.07706423309398e-15 6.15412846618796e-16 0 0 0 0 0 0 0 0 0 7.58919748477638e-05 0.000730696570826694 0.00170914780464955 0 0.000147867336636409 0.000452646781923249 9.71438828855753e-05 0.000192111750948243 0.000362356644473039 0.00031925961457091 0.000147311002365313 0.00210172740917187 0.00102876263554208 0.000845366464545805 0.00134492780516666 0.00167476067435928 0.00128959526773542
-9999 -9999 -9999 -9999 -9999 -9999 -9999 -9999 -9999 -9999 -9999 1.97098692297004e-05 0.000152218148868997 0.000318145831915899 0.00053844163485337 7.29121710173786e-05 0 8.83405562490225e-05 0.00113756306003779 0.000205949043447617 8.24178496259265e-05 5.74640215927502e-05 1.04272805037908e-05 0 1.85686418603836e-05 9.10349878972738e-05 2.6700322086981e-05 0.000272914282686543 0.000249622623250616 2.56841922237072e-06 4.06949748139596e-07 1.05592596810311e-06 0 4.60486076353517e-14 4.60486076353517e-14 6.15412846618796e-16 1.23082569323759e-16 0 0 0 0 0 0 0 0 0 0 0.000900465593440458 0.00226958732004277 0.000664319260977209 6.2015195726417e-05 2.09861675830325e-05 0.00016768867855717 0.00255246126762358 0.00120649811549811 0.000255343455519323 6.09122769674286e-05 0.000473061443626648 0.00028876809621579 0.000430195860099047 0.0011837685866872 0 0
-9999 -9999 -9999 -9999 -9999 -9999 -9999 -9999 -9999 -9999 -9999 0 0.000132826676804143 0.000155401633987822 0.000893252621972351 0.000123402695171535 0 7.38916598493233e-05 1.47783319698647e-05 0 0.000494675419759005 0.00044605133094592 0.000232087938893528 3.27252664646949e-05 2.22429372661281e-05 7.38781952895806e-05 7.3518780482118e-06 2.36214686083258e-06 0 2.03474874069798e-06 1.55864855878463e-05 1.62990769604221e-05 2.79231917375e-05 3.26136141666211e-07 7.41710100239098e-15 3.70855050119549e-14 0 4.97540393894257e-16 0 0.00085866954177618 0.000858669541897851 0 0 0 0 0 0 0.00291867776541039 0.000583735553082079 4.28903673309833e-06 0.000484222325030714 0.000127528138909838 0.000121185201351182 0.00226979119470343 0.000786288247109042 0.000125822047775728 0.000191582211118657 0.00016857823880855 0.00029989480128279 0.000899805805238429 0.000122156235011062 6.12683485853363e-05 2.6130628248211e-05
-9999 -9999 -9999 -9999 -9999 -9999 -9999 -9999 -9999 -9999 -9999 -9999 0.000651716534775915 0.00132917082846689 0.00167515972680121 0.000178731461346615 4.71647017548094e-06 0.000185475568287075 3.70951136574149e-05 0 0.000165314762853086 0.00130817757453769 0.000183400302194059 0 0 0 0 1.06274739664514e-05 0 2.39041560234909e-06 7.63757623190031e-05 8.44024880279903e-05 0.000172785016729904 5.35738909093197e-06 1.13933276769543e-17 5.69666383847714e-17 0 2.48770196947128e-15 0 0.0042933477088809 0.0042933477094929 0 0.00240192236378789 0.00923762256279588 0 0 0 0 1.4129498595139e-05 0.000151080381965585 0.000697054734700941 0.00090494969226711 0.000169150839792565 0.000184499804163352 5.19062032253714e-05 0.000315768666405347 0.000513604376465082 0 2.13938255910762e-05 0.000106969127955381 0.000151632312918082 -9999 0.00197721632866887
-9999 -9999 -9999 -9999 -9999 -9999 -9999 -9999 -9999 -9999 -9999 -9999 0.00111736102523025 0.000989198990428122 0.00143554945243523 0.00128876899147144 0.000214015943056438 0.000741863888106309 0.000500076516182162 0.000674301327962894 4.48524850071408e-05 6.04161154478788e-05 1.58572336658835e-05 0 0 0 2.04170293727657e-05 0.000327308654450462 0.000135742724232841 4.83885664834816e-06 2.49702073824665e-05 5.96803379085031e-05 6.63381160848076e-06 7.45341676520184e-07 4.4214921654202e-05 1.09474746750493e-05 0.000163354598935257 0.000485678478871705 0 0 7.29781327328451e-16 0 0.000497193055489333 0.00186433309529093 0 0 0 0 0.00116622701913002 0.000282145907967788 0.00142603454696655 0.000343088112640544 0.000216923035914078 0.000130705215997295 2.61410431994591e-05 0 0 0 0.000448634075000882 0 0.00200713196885772 0.00172679671509699 0.00062720083823318
-9999 -9999 -9999 -9999 -9999 -9999 -9999 -9999 -9999 -9999 -9999 -9999 0.00021539016356613 0.000783721660554875 0.000287775453034556 0.00159040171358356 0.00192713222797465 0.00221322004799731 0.0018293486427865 0.00123902732564602 0.000221562122169416 7.3287341510877e-05 0.000325460209132871 1.42933095048647e-05 2.46500814682804e-06 1.50596238381695e-05 0.00058761531363416 0.000907050464265922 0.000437255154356535 0.000339775418979116 4.67180741452466e-06 7.94892679550685e-06 0 2.57610180415213e-05 3.89999335311586e-05 1.10776670226187e-05 4.85007622228295e-05 0.000517663845548668 2.40208755712956e-05 7.87387072705314e-06 2.02038485440426e-06 0 2.09167634602636e-05 0.000114806434139609 0.024606593651697 0.00762985579669476 0 0 0.000221527154208161 0.000403722844203003 0.00124452168820426 6.94941740948707e-05 1.05927541153505e-05 0.000100267381640151 0.00111091401369777 0 0 0 8.46299598924816e-05 0.000134438998065889 0.00113926871097647 0.00224607261673858 0.000327616150025278
-9999 -9999 -9999 -9999 -9999 -9999 -9999 -9999 -9999 -9999 -9999 -9999 0.000594151206314564 0.000405945024249377 0.000181786406756146 0.00101102401822573 0.00231951487367041 0.00414737709797919 0.00109557994001079 0.00102760506997583 0.0028514496225398 0.00111398761509918 0.000462771310412791 0.000332320698362309 4.63563563243952e-05 2.00758055143524e-05 0.00165108228247846 0.000523298647203774 2.29505267270724e-05 1.95840057131136e-05 0 0 0 0.000128805090207607 0.000130753612756962 1.08762791342087e-05 2.26733277486346e-07 1.45707244882942e-06 1.59569062816445e-05 3.07043017528485e-05 1.01019242720213e-05 0 0.00280296034470666 0.000589940263307653 0.00253864051774144 0 0 0 6.84803148033097e-05 0.000618190308341582 4.61836407339433e-06 9.25821805140004e-05 0.000131618318846449 0.000195180691662244 0.00212862469197717 0 1.97489371247035e-23 3.94978742494071e-24 0.000583367061335594 0.00147328129969537 0.000388484878931195 0.000391322481321437 2.09154662419072e-06
-9999 -9999 -9999 -9999 -9999 -9999 -9999 -9999 -9999 -9999 -9999 0.00335738183585582 0.000501184626482427 0.000424181817361387 0.000814922592689982 0.000507174299564213 0.000901341344579123 0.00109348370460793 0.000803072308190167 0.00839181485614972 0.00151184179703705 0.000369326360523701 5.64001256134361e-05 6.47216556899366e-05 2.82149424128875e-05 5.27908539879718e-06 1.88139060810499e-05 1.94579759954649e-05 2.45585765151191e-05 2.83336397842504e-05 0 0 0 4.49406263396668e-05 3.70691925127176e-06 6.58504930015624e-06 4.53466554972692e-08 0 1.46682500599127e-06 2.93365001198254e-07 7.82167549186852e-05 0.000383917359590669 0.000954186029443917 0.000172610446315957 0 0.00240192554891109 0.00240192554891109 0 0.000207740818150342 0.0020062735371539 9.23672814678866e-07 1.57309096539393e-05 3.12495039543137e-05 7.75929715018719e-05 1.91721244482324e-05 5.48080774890898e-21 2.74079885319698e-20 7.89957484988141e-25 0.00282377221796196 0.00140119110874366 0.000342048013990279 0.000461897627113511 3.13731993628608e-07
-9999 -9999 -9999 -9999 -9999 -9999 -9999 -9999 -9999 -9999 0.00138596597346751 0.00169604935217649 0.000241111673603882 0.000503422337133088 0.00042197419970762 0.000961747852270491 0.0144818317903992 0.0038219180667511 0.000368085004738532 0.00050065745574102 0.00035494952044246 7.07181781763211e-05 5.83286583423614e-05 3.1624505390937e-05 2.17417707790446e-05 4.11460636314587e-06 4.90436068503186e-06 1.81195037657744e-05 4.43187820201274e-05 8.32088953757193e-05 1.73417589394376e-06 0 0 6.15867173655715e-05 1.09473060911114e-05 3.44257241522428e-05 4.17024500620755e-06 2.36660838254465e-06 2.83303277683444e-05 1.14680564729497e-05 6.31055740086595e-06 3.22327588719418e-05 1.45069808377229e-05 3.64291093137581e-05 0 0.00240192554891109 0.0208736660331488 0.0102109683876279 0.00204219367752557 0 0 0 1.55185943003744e-05 7.75929715018719e-05 1.33952387625918e-21 1.6747393571637e-19 6.97139548453566e-21 0 9.05672198859975e-05 0.000984641708782874 0.000339797554770485 0.00173808000380954 0
-9999 -9999 -9999 -9999 -9999 -9999 -9999 -9999 -9999 -9999 0 0.00058673822786659 0.00113469074422028 0.00173061472214613 0.000437094865446852 0.000212828156509204 0.00059766612794192 0.000162103007824044 0.00017008221914215 0.000376064115152985 1.31640927065746e-05 0 0 0 9.99166841211263e-06 0 0 1.79133218807692e-05 1.92935237464553e-05 6.10173101449618e-05 1.08232601633063e-05 0 0 0.00013763881943305 0.000556213209347334 0.000105291532236151 2.49073742224937e-05 0.000582542090683091 0.000142796006571189 5.75691559106417e-05 2.67717632596032e-05 0.000133858816298016 3.35035234456882e-05 3.35035234456882e-05 0 0 0 2.31816125051409e-06 4.63632250102819e-07 0 0 0 0 0 2.36096992362182e-20 1.53247057837723e-19 0 0.000879631188581698 0.00109462535474449 0.00327777053462341 0.00213375097955577 7.96999471882979e-05 0
-9999 -9999 -9999 -9999 -9999 -9999 -9999 -9999 -9999 0 0 3.90418310416862e-05 0.000513008502312005 0.000428479851507291 0.0011717715924533 0.00147107352720923 0.000124816974566784 2.18317538383417e-05 0.000130511853035339 0.000665196410745921 0.000165134038616088 2.67229324526852e-05 4.83976000396069e-06 0 7.94147546912427e-06 5.13210572535172e-06 6.57552620396018e-05 1.3950390584796e-05 7.99338176875608e-07 4.25498069489549e-06 1.48780737708876e-05 8.57496263051871e-06 0 0 0.000486257755310362 8.22240537672769e-05 8.60613949043909e-05 0.00024155878694728 2.28873545893293e-07 4.57747091786587e-08 2.50022612999601e-05 0.000149979891284602 3.82526735484134e-05 6.70070468913764e-06 0 0 0 8.89657330844784e-06 1.77931466168957e-06 0 0 0 0 3.46869918067987e-21 4.07615580712043e-21 0.00022138693544548 0.0013928050728282 0.00896226556913461 0.00244755589636043 0.000669216178357601 0.00683078826405108 0.00120083989653115 6.82136466677644e-05
-9999 -9999 -9999 -9999 -9999 -9999 -9999 -9999 -9999 0 0 3.90418310416862e-05 0.000181060107133817 0.000209829564628308 0.000983806212752825 0.000176058250362985 0 5.80423329665791e-06 4.01337587845774e-05 9.27513156966597e-06 0.000150259134534281 2.18831724487245e-05 0 0 8.11036061350023e-07 1.34887741296552e-06 7.78763251219061e-06 4.41244974535948e-05 3.45978385303169e-05 1.3684650639334e-06 0.000197611691191923 7.61688411148498e-05 7.40393530577421e-05 0 3.61213538144511e-05 9.07976689177303e-05 2.75196928123478e-05 8.3470789832063e-06 0.000120057453750633 2.40114907501265e-05 0 3.34605945681687e-05 6.69211891363375e-06 0 0 0 4.33785049244761e-05 0.000225789097930829 1.77931466168957e-06 0 0 0 0 3.46869918067987e-21 0.00185485393943964 0.00240348373918096 0.00343953267147299 0.00143099677981809 0.0016350272577256 0 0.00953715106006712 0.00198511820810381 6.48029643343762e-05
-9999 -9999 -9999 -9999 -9999 -9999 -9999 -9999 0 0 0 0 3.6192791594658e-05 3.14445373078343e-05 0.00022659759997623 0.000928973070404027 0.000189716521890659 0.000249515475843509 0.000355287415368366 0.000134970538783818 1.91161234397441e-06 0.000681284811071237 2.36999356275192e-05 4.33958230132703e-05 0 7.79334723119973e-06 4.41829633928137e-05 0.000220622487267974 0.000172989192651585 0 3.47467124811374e-05 7.02883258782094e-05 0.000119295953481924 0 0.000283828454848845 0.000415166599850636 0.000161667470092652 0.00020784417502 0.000744685705285519 0.00017887120557134 2.18298264371697e-05 0 0 0 0 0 0.000216892524622381 0.0010844626231119 0 0 0 0 0 0.000370480993296951 0.00265258012659615 0.00280307937500766 0.000263530062511563 0 0 0 0.00149407475546468 0.00733369337394834 8.41077246843919e-21
-9999 -9999 -9999 -9999 -9999 -9999 -9999 -9999 0.00133066112175584 0 0.000834568846039474 0.00858717873925343 0.00130319798161509 4.43536910461262e-05 0.000341873300203588 0.000724558619112941 6.1847771248722e-05 0.000162247449225106 5.59426260178952e-05 3.27641583453442e-05 5.08596604049671e-06 0.000144490780894557 5.68569974348065e-06 8.67916460265406e-06 6.27955811432912e-05 6.42689125834295e-05 1.04896016637213e-06 0 2.4323898833245e-05 0.000121619494166225 2.15252337511629e-05 9.45261287142785e-06 5.50159493514002e-05 0.000633340986241819 0.000925691870070295 0.000261416240482504 0.000275051038206584 0.000480441436375258 0.0015284578606952 0.00109482331608888 0.000202299604425207 0 0 2.37624441979278e-06 1.18812220989639e-05 0 6.48627168414653e-16 3.24313584207326e-15 0 0 0 0 4.0524585347157e-06 0.000202900304429932 0.00020415986829903 2.90377903729677e-05 0 0 1.70482986140996e-05 0.000109595675894525 0.000118352506833617 0.00194907188240904 0.00300409762712661
-9999 -9999 -9999 -9999 -9999 -9999 -9999 -9999 0.00119759500958025 0 5.56552363559604e-05 0.000742335850372911 0.000317334856081288 8.22156522190198e-06 0 1.08257347892504e-05 1.37004284624709e-05 9.25107669900171e-05 1.0908719955296e-05 5.52612380533901e-05 6.28696366220538e-06 0 0 1.12222105599358e-06 5.92748158487666e-05 6.03139110444317e-05 0 0 0 0 0 6.10353156389465e-06 5.50159493514002e-05 0.0012652402187814 0.00476198348333128 0.000622410791061156 3.95861827064437e-05 9.93326544994488e-05 2.09853300475515e-05 1.93144443619531e-05 1.93144443619531e-05 4.89691447000951e-05 4.6780901029706e-05 3.73127808143181e-05 1.62854362315556e-06 1.37916134201476e-14 0.0103975993395011 0.0519879966974291 0 0 0 0 4.0524585347157e-06 0.000128804105770541 2.17083626193926e-05 0 0 1.10077744466253e-05 1.10077744466253e-05 0 0 0.000297395280213095 0.000260326711579092
-9999 -9999 -9999 -9999 -9999 -9999 -9999 0 0 0 0 0 0.000169330688368063 7.00790711562149e-05 0 4.37159993452951e-05 1.03698733255442e-05 3.84234881494194e-05 0 2.43278627749532e-05 0 0 6.09129219810711e-06 5.61110527996789e-06 1.12222105599358e-06 0 0 3.90020475606434e-05 3.90020475606434e-05 0 0 0 0 0.000653403045726009 0.00055178998336487 0.000575255901026139 4.86678896095327e-05 2.02054638066329e-05 0 0 0 0.000244845723500475 0.000525925523834303 0.000362776295514777 5.13714840053581e-05 0.00233047960064993 0.00195909343020445 0.000249681612331187 0.000243460686033359 0 0 0 0 0 0 0 0 5.50388722331263e-05 5.50388722331263e-05 0 1.18126412417041e-05 0.000641686960079824 0.000670458481181413
-9999 -9999 -9999 -9999 -9999 -9999 -9999 0 0 0 0 0 7.45801897210185e-06 6.96733197582944e-05 5.66837759834016e-05 0.000295414837310091 1.96897309251654e-05 1.8404412730888e-05 0 0 0 1.07238589771441e-05 1.21825843962142e-06 0 0 0 0 7.80040951212868e-06 1.43823277903721e-05 0 0 1.06967499596067e-05 8.25293100206181e-05 3.37927331565879e-05 0.00010619532687997 0.000105263801742694 9.35084681259468e-06 4.04109276132658e-06 0 0 0 0 0.000114730357308872 0.000277816181187518 0.00182951814931585 0.00294932681688806 0.00223237414902542 0.0005848903900187 0.000952153350663139 2.429479089905e-21 0 0 0 0 0.000429446180351079 0.000429446180351079 0 0 0 0.00308342250064015 0.00063800614552747 0.000137181689860881 0.00166529892012477
-9999 -9999 -9999 -9999 -9999 -9999 -9999 0 0 0 1.93990548723377e-06 9.69952743616886e-06 3.03126210928895e-05 5.28178549575387e-05 0.000291280258898041 0.000339942066639196 0.000173169275731198 0.000128122316891677 4.78427507914603e-06 0 0 8.23586007754784e-06 2.35008308663964e-06 0 0 0 0 0 6.58191827824339e-06 0 4.94827181682922e-06 6.29891990683973e-06 6.05401597567834e-05 5.80911204451695e-06 2.29867669986561e-05 7.63315867516212e-05 4.34730376582593e-06 0 0 0 0 0 6.28019971190952e-05 0.000550389163836371 0.00178266773582436 0.00101002495503053 0 0.000254608812974766 0.00270289775566198 0.000159672182053328 0.000798360910266638 0.000211287327110767 0.00245827726146672 0.00045026317529846 0.00206860413774848 0.00198752865660936 0.00288787242025137 0.000167904102418106 3.01593187032272e-06 1.50796593516134e-05 9.41685211728327e-07 2.11058451532153e-05 0.00138317846867722
-9999 -9999 -9999 -9999 -9999 -9999 -9999 0 0 0 0 0 0 0 0.000254038757702801 0.00048275964863933 0.000760562681807642 0.000102892337963567 6.48933237243909e-05 0 0 1.17504154331982e-05 1.2267439808511e-05 0 0 0 0 0 0 0 3.20069253575639e-05 0 0 0 0 0 0 0 0 9.40419937251136e-05 0 0 0.00036612529802369 0.00245738195517333 0.00151678101974539 6.99857366271317e-05 0 0 0 0.000891427107853815 0.00445713553926907 0.00160100916400552 0.00368674916680902 0.00508159538730979 0.00598716519307345 0.00242601844947785 0.000976287468802184 0.000242784268630203 1.50796593516136e-05 7.53982967580669e-05 0 5.68532908800989e-05 0.000784685456892475
-9999 -9999 -9999 -9999 -9999 -9999 -9999 0 0 0 0 0 1.96931636310182e-05 1.00295299489517e-05 0.000756522539086291 0.00206825315957758 0.00188063824401979 0.00807065602275543 0.000630623992910842 6.83642778312787e-06 4.53806398581946e-05 2.23970018851105e-06 4.98922540145941e-06 6.27147157501895e-05 7.65712262364104e-06 0 0 0 0 0 1.45311325468356e-06 0 0 2.8510577394627e-05 0.000149820321821608 0 9.96140897768782e-07 0.00329576082645872 0.000177919781708624 4.26893899566494e-05 0 0 6.67492160573602e-05 0.0003807037032675 0.00152315722079948 0.00015358684817329 0.000867075291462243 0.00116616447921842 0.000534349316731095 0.000449426131090149 9.30661975871772e-05 0.0122594737471081 0.0042984358756803 0.0127415236085653 0.0209344280022196 0.0115445695049129 0.00547084998106584 0.000234573262277991 0.00022027685015928 0.000123775433166884 0 0 0
-9999 -9999 -9999 -9999 -9999 -9999 -9999 0 0 0 0 0 0.000211847112514079 0 0.000698207574896514 0.00105129523202777 0.0111367594473995 0.018807578785345 0.000942329904064536 0 0 0 6.54516974464059e-06 7.10114618414082e-05 0.000412105995055754 0.00109466459092801 0.00589165885539842 0.00103859277092852 0.000137982932246814 0.000148152200745244 0.000110192846332211 6.2885427614674e-05 0.00017558477120474 0 0 0 3.15888959448785e-05 0.00154727556742728 0.000308088665769901 0.00159353554045083 0.00166426599025726 0.00835184921161272 6.10385206528008e-06 2.18282255809754e-05 0.000455331295961514 0.00055794648360461 0.00245678529841825 0.00192580287111923 0.00247926201671362 0.00184551784303039 0.000625298311933875 0.00186828694539145 0.0121648754412308 0.0735615855141077 0.0290185123111587 0.0127273800247349 0.00708369081839919 0.000842241193167865 0.000226334840990603 0 0 0 1.85780972969951e-06
-9999 -9999 -9999 -9999 -9999 -9999 -9999 -9999 0 0 0 0 0.00140704776858911 0 0 0 0 0 0 0 0 0 0 0 0 1.15593873488251e-05 0.00021904136883677 3.22488864185289e-05 1.19165724754566e-06 5.95828623772832e-06 0.00036793130566366 0.00208989651291631 0.000944561266805977 0 0 0 0.000157944479724392 0.000301649255561642 0.000165678669873159 1.61589559866115e-06 0.000182707066414878 0.000152596301632002 0.00392949353554286 0.00108571867458522 0.000258861255133525 0.000524626605329104 0.000734714532154612 0.000524798932019621 0.00316529385745525 0 0.0124952008482069 0.00837273648940027 0 0.000375248753698543 0.00612871084013022 0.00540381013415754 0.00188979448284954 0.00383295421488583 0.00193835869431496 0 0 0 9.28904864849756e-06
-9999 -9999 -9999 -9999 -9999 -9999 -9999 -9999 -9999 0 0 0 6.95624412037432e-05 0 0 0 0 0 0 0 0 0 0 0 0 0 0 0 0 0 0 0.0005748644284904 0.000271027986309491 0.00016627500008326 0 0 0 3.78669422934763e-05 6.68990687699989e-06 0.000132811948760718 0.00174493249782245 7.95221210864838e-05 0.000779794855043292 0.000410206038504839 5.17722510267049e-05 0.000286137883667834 0.00102210753306281 0.00295903345104307 0.00247483876068145 0.000616762877907604 0.00949996036943048 0.0018999920738861 0 0 0 0.00122465735068545 0.0100290681119077 0.0186855493043549 0.00273047002789099 5.98092359723523e-05 0 0 0
-9999 -9999 -9999 -9999 -9999 -9999 -9999 -9999 -9999 0 0 0 0 0 0 0 2.33699631644413e-05 0.000116849815822206 1.04224757181681e-22 0 0 0.00153851744136773 0 0 0 8.94479559065076e-06 8.33144185889978e-06 8.05437558710764e-07 0 0 0 5.20072929793969e-05 0.000587482226546854 0.000133663702290505 0 0 0 9.03529011702631e-05 0 7.89258092481759e-07 6.28241323283874e-06 3.14120661641937e-05 0 1.03950488846749e-05 0.000141509983222932 0.000957658271072432 0.000891482223523781 0.0026568383385893 0.00263551474548876 0.000180827563162893 0.0143485662993044 0.00271658392623067 0.000676293009892106 0.00196767952293158 0.00131547675468028 0.0027486963593401 0.00443320405902341 0.0201906689429597 0.00151116023873328 0.00560877498064656 0.000901151360012591 0.000567513182759285 0
-9999 -9999 -9999 -9999 -9999 -9999 -9999 -9999 -9999 -9999 0 0 0 0 0.000145073063322343 2.90146126644686e-05 0 0 0 0 0.000123379068099894 0.000198648936930113 0.00178929464891553 0.00037072118720971 8.16020799902617e-05 3.68171147783869e-05 5.18173474119976e-05 3.36710947578922e-05 4.95574971864698e-05 5.82336033403408e-05 1.16467206680682e-05 0.000212777807610109 0.00106388903805055 0 0 9.50682297116145e-05 3.57257005816791e-05 2.7375415811548e-05 0 0 0 0 0 0.000157112424494699 0.00182902795495465 0.00291950863902457 0.000479805719805881 0.000304608925944194 0.00122777314390987 0.000338783135521226 0.0166180226369761 0.00499677833868191 0.00167906131828204 0.00391064007999375 0.00366850439677364 0.00272629321771092 0.00237520947121084 0.0035058478359133 0 0 0.000315290770959109 0.00129430539673194 0.00279630383010954
-9999 -9999 -9999 -9999 -9999 -9999 -9999 -9999 -9999 -9999 0 0 0 0 2.90146126644686e-05 1.22439776896499e-05 6.44105515675619e-06 0.00032376340823248 6.47526816464961e-05 0 2.46758136199787e-05 4.93516272399575e-06 0.000392047857167199 0.000245088874362409 3.55099451189744e-05 2.1087503155286e-05 2.03202762349974e-06 5.92878139286768e-06 9.91149943729397e-06 2.7726600819733e-05 5.5453201639466e-06 1.24833371955901e-05 0.000107553195266519 9.02730185771361e-06 0.00230550840933574 0.0114416033989983 3.99590942106443e-05 1.27103836712195e-05 2.1400266996352e-05 0 0 1.66266596352216e-05 3.32533192704432e-06 0.000181069832760841 0.00150888871285133 0.00204975763452239 0.000965367757016793 0.0224983749620151 0.00635586264892481 0.000974061479209922 0.000188118487130851 0.00123408393701538 0.00362499233568087 0.00799967689672485 0.00431059943555738 3.54601551953238e-05 0.0031321854388807 0.0057739014737308 0 0 0 8.85329078300856e-05 0.00306309280833311
-9999 -9999 -9999 -9999 -9999 -9999 -9999 -9999 -9999 -9999 -9999 0 0 0 0.00189258665777743 0.000378517331555486 0 0.00032376340823248 0.000946699047926813 0.000881946366280317 3.73260409105569e-05 7.46520818211138e-06 3.41889273840934e-05 0.000170944636920467 0 0 0 0 0 0 0 0 4.5136509288568e-05 0.000754796009568963 0.000414181837986689 0.000973506644368172 0.00011964688419539 1.27103836712195e-05 2.1400266996352e-05 0 0 1.66266596352216e-05 3.32533192704432e-06 0.00102395473513752 0.00688999975682236 0.00167747787956614 0.00194548257626593 0.0235743960132822 0.00956530140363611 0.000928070931695402 0.00026098822709173 0.00872224195394665 0.00712969550862908 0.00671545558143407 0.0134352326468797 0.00266579080314841 0.00398943648324348 0.005217948629288 3.49289726000279e-05 0 0 0 -9999
-9999 -9999 -9999 -9999 -9999 -9999 -9999 -9999 -9999 -9999 -9999 0 0 0 0 0 1.05879118406788e-23 5.29395592033938e-23 0 0 0.000186630204552785 3.73260409105569e-05 0 0 0.000422375730704516 0.000262741826009005 0 0 0 0 0 0 0 0 0 0 0 0 0 0 0 0 0 0.000691361434292048 0.00354432465974241 0.000430715005495586 0.000764688910567202 0.00109789750422351 0.00486767292604782 0.00274774475838058 0.000920801045140252 0.00518709586467594 0.00556133376667276 0.000850599550176412 0.00161201200971846 0.000588745731511153 0.00567277334630489 0.00145481359795667 0.000266014417866245 0 0 0 0
