All_rasters_2/UrbanAreas.asc
NCOLS 176 
NROWS 173 
XLLCORNER -17.5416666666667 
YLLCORNER -34.7083333333334 
CELLSIZE 0.416666666666667 
NODATA_value -9999 
[rows 84 to 111 of 173, columns 63 to 125 of 176]
-9999 -9999 0.000610742358152162 0.000147657829220407 0.000365830773953348 0.000124785632942803 0.00342179110142752 0.000603888886389541 0.000372028982383199 1.51963511598296e-05 0 0 0.000394170102663338 0.000302736698649824 0 0.000416210882831365 7.99728697165847e-05 7.9276759061031e-05 1.58553518122062e-05 0 0 0 0.00104112373664975 0.000139256747206673 0.000420721020782366 0.000765870399191044 0.000122661932255141 0.000688110923319631 0.000833848136771849 1.15087437734473e-05 0.0018383456527954 0.00145422311066895 0.00655872642419126 0.00228537665367185 0.000476247799710102 0 0 0 0 0 0 0 0 0 0 0.00138748199784325 0.00449778263457119 0 0 0 0 0.000240773381665349 0.00668581439182162 0.0135835702065378 0.000741359582254441 3.04562924429774e-05 0.000307985668777139 0.00611619551782657 0.0025873138429597 0 0 0.000666266712360084 6.78350654197857e-05
-9999 -9999 0.00117854832205921 0.000338274589012144 0.000160138363571605 0.000124652302474715 0.00205961553219822 0.00184447244464536 0 0 0 0 0 0.000153089000377804 0.00076544500188902 0.000169286469463259 0.00049499782262501 0.00415018531202804 0.000739477467141114 0 0 0 0.00101129855029285 0 0.000261970184510574 0.000261970184510574 0 3.16085256424172e-06 0.000324290393928095 5.75437188672367e-05 0 0 0 0 0 0 0 0 0 0 0 0 0 0 0 0 0 0 0 0 0 0.00750390621833503 0.0130592009983957 5.50571415715295e-20 0.00139364854549058 0.00130306479986757 0.000761407311345712 0.000135728821678325 0.000201969570480287 0.00410642952192575 0.000619316333904862 0 0.000569805910345167
-9999 -9999 0 4.93724842317533e-05 0.000494054475857411 0.000371003909094725 0.000635870644764509 0.000410665005329065 0 0 6.34020841971505e-06 0 0.000163604504341492 6.91383671073709e-05 0.000153089000377804 0 1.90266948084172e-05 0.000803708122111857 0.000142629705369473 0 0.000248169642873108 4.96339285746217e-05 0.000261369959916919 0.000295551249291748 5.23940369021147e-05 5.23940369021147e-05 0.000808261684142053 0.000161652336828411 0 0 0 0 0 0 0 1.50480813926194e-14 3.00961627852387e-15 0 0 0 0 0 0 0 0 3.00675792857391e-13 0 0 0.000524487742222846 0.000524487742222846 0 0.00126000786200166 0.000803877767175436 0 0.00572805071831681 0.000230156667530537 1.1320502640768e-13 2.2641005281536e-14 0.00021264738868922 0.0026142165530473 0.00808911239728332 0.00448497399687767 0.00187076436122879
-9999 -9999 0 6.77489608460746e-05 0.000266865749395038 0.000172243380075088 0.000541532697352522 0.000257254551215738 4.47699530923273e-06 0.000133561359543819 0.000186845376520068 0.000249339908987167 0.000281815474227187 4.68618229933782e-05 0 0 0 0 1.16914740647189e-05 1.16914740647189e-05 0 0 0 0 0 0 0.000808261684142053 0.000161652336828411 0 0 0 8.58930987305939e-06 9.8078727023676e-05 1.10264355316758e-05 0 1.50480813926194e-14 0.000421613127146099 0.000435328115418088 0 0.00247539907693863 0 0 0 0 0 0 0 0 0 0.00159627491629336 0.000614318718324784 0.00164342740550637 0.00191657239571214 0.00134720206260681 0.000783821220975369 0.00176789311459288 0.00208060517907143 0.00119331194087863 0.00350427784025669 0.00154574068728834 0.00597070056013763 0.00619975556619465 0.00673594034742564
-9999 -9999 5.67166078642087e-14 1.02681349289924e-06 1.89627111240043e-05 1.23963536680094e-05 9.03163570910692e-05 7.05508487953921e-05 0.000177298918060842 0.000649679591515451 0.000730870524421334 1.72477739397436e-05 4.37814447650453e-05 0.000102036750831758 0.00015204468218144 0 0 0 5.84573703235947e-05 5.84573703235947e-05 0 0 0 0 0.000241445261053741 0.000241445261053741 0 0 4.32570959674194e-05 0.000216285479837097 0 4.2946549365297e-05 0.00049039363511838 5.51321776583791e-05 0 0 0 0 0 0.0172303486615419 0 0 0 0 0 0 0 0 0 0.0149699612520635 0.00307159358635545 0.00821713702753186 0.00190731631591916 0 0.00272507853806019 0.00162158026359975 0.00379538559354842 0.0269595424644649 0.00867445943877101 0.00688191503286362 0.00441872295934274 0.00771921593695879 0.00795970438048244
-9999 0.00569283852682728 1.13433215728417e-14 8.17220759927295e-06 5.75180554005783e-05 0.000135643308567523 0.000131684912266792 0.000393608903541463 6.49627678285469e-05 8.04859335767105e-05 2.03695640061596e-05 4.89508247028425e-05 9.20956716072396e-06 0.000338120526284911 0.000605832762084901 9.89688205299899e-05 0.00014213974296581 0 0.000252774101682007 7.93670493294485e-06 3.96835246647242e-05 0 0.00305347269109916 0.0064561827108264 4.82890522107482e-05 4.82890522107482e-05 0 0 8.65141919348389e-06 4.32570959674194e-05 0 0 0 0 0 0 0 0 0 0.000970670655369759 0 0 0 0 0 0 0 0 0 0.0199472968652844 0.00188952363096178 0.00367565757595003 0.000263881674036384 0 0 0.000151815423741937 0.000759077118709683 0.00461471758782864 0.00151047401743222 0.00190547221739377 0.000226318603777114 0.00140544603578746 0.0177000568248332
-9999 3.16770874882398e-06 4.19161487116071e-05 0.000599966268728167 0.000565670089999912 0.000133164037833922 0.000114260721020401 0.000298807558428962 0.000128137226374747 4.09054249303153e-05 7.72362964198692e-06 0.00010334751254959 3.02133614422928e-05 0.000337892944771738 0.000186628245864995 1.66761642321944e-05 0.000237782441035961 0.000567837452217645 1.28498810227029e-06 6.31278639048105e-06 2.5989483401645e-05 0 0.000194947786512785 0 0 0 0 0 0.000482767838984728 0.00241383919492364 0 0 7.72611412685365e-05 1.54522282537073e-05 0 0 0 0 0 0.000362404617480934 0.000362404617480934 0 2.41672323318198e-05 2.41672323318198e-05 0 0 0 0 0.000430909255519509 0.000430909256056976 3.02809665363168e-13 0.00148230772524587 0.00164829433023444 0 0.0036962733278051 0.0083911355556638 0.000171854307777003 4.47292033940145e-05 -9999 -9999 0 0.000577958477661014 0.00824484801851213
0.000994651999765968 0.000224297480599489 8.85867198121559e-05 0.00150286250327554 0.000502086357300868 2.05635260499548e-05 3.02812339214142e-05 3.07762660668232e-05 3.18927754960896e-06 0.000762857983454523 0.000120755330317479 0.000516358377353754 0.000217893789340451 3.89583210562705e-05 0.000974405269516865 0.000162526060012169 5.58084611839149e-06 3.21566903949133e-05 3.14984057695256e-05 3.09091963572428e-05 0.000199409416381968 8.97268691915087e-06 0.000831453397404402 0 0 0 0 0 0 0 0 0 0.000386305706342682 7.72611412797818e-05 1.12453534033491e-14 0 0 0 0 0 0 0 0.000120836161659099 0.000120836161659099 0 0 0 0 0.00215454627759755 0.00725187444746075 0.00218131402076753 0.0101768122985959 0.00882583914905754 0 0.00340472843963653 0.00102216618446012 -9999 -9999 -9999 -9999 -9999 0.00141869350336492 0.0201861232053488
0.000346349034010868 0.000118903673501336 3.79397861252073e-05 3.72319757298101e-05 0.000461807596584549 0.000221509159746347 0.000190975926088868 0.000194561466341838 0.00108435674628709 0.000445541700009926 0.000516671064124239 0.00012271009181859 0.000460353515354655 9.98141358650173e-06 0.000226679590559797 0.000278562343228259 0.00022397814951546 0.000469092896673828 8.4874661260983e-05 0.000534078181080986 0.000464486796408892 4.12686087656766e-06 4.27394569851458e-05 0 0.000213710996322334 0 0 0 0 0 0 0 0 9.60991275519272e-05 6.42457162052532e-05 0.000321228581015021 0 0 0 0 0 0 0.000221362416632473 0 0 0 0 0 0.00187315402552485 0.00237070166855119 0.00549694909132086 0.0027600550709758 0.00514432324352482 0.000518439168808982 0.000119772035395727 0.0023326680646278 -9999 -9999 -9999 -9999 3.24969065520142e-05 0.0047635815947433 0.00407360936515033
-9999 0.00018379911671218 0.000805268343174248 0.000246047007385641 0.000270539185403322 0.00036098743439652 0.000142766192147974 0.000247246813814854 0.000365533486183267 0.000130068450762337 0.00225032335043579 0.00252194044896896 0.000616551287675975 9.53064182249364e-05 8.95973389560822e-06 8.0129221028642e-05 5.54074776715652e-05 0.000142452304135077 0.000119261912768707 0.000361483420128934 0.000302119518164545 0.000463352096267045 2.76867509819567e-05 0.000138433754909784 0.000213710996322334 0 0 0 0.000308196062687784 0 0 0 0 9.60991275496781e-05 0 0 0 0 0 0 0 0 0.000221362416632473 0 0 0 0 0 0.0120931708475109 0.0118846769153606 0.00534208279568702 0.00535684648319147 0.00112639959552325 0.000305885710622533 0.000685039450108889 0.00259775945700572 -9999 -9999 -9999 0.000104514916208299 0.0105355746674468 0.00456962122611003 0.00210739276371896
-9999 4.32086422270182e-05 0.00088028795835271 0.000171439629048109 2.85643251118017e-05 0.00144469237329758 0.00107440794890863 0.000744140317692654 0.000209197260119254 0.000191942252968147 0.000304232313646935 6.1453906710085e-05 2.01093018404208e-05 1.36056705741794e-05 4.64469576400006e-06 8.48590810846872e-06 2.46447156570184e-05 0.00026792666176334 0.000927864020923153 0.00198735737940297 0.000253826583502814 0.000465618743328378 0.000138433754909784 0.000692168774548918 0 0 0 0 0 0 0 0 0 0 0 0 0 0 0 0.000328256527427584 0 0 0 0 0 0 0 0 0.00193037900025956 0.00389697716454975 0.00278851727489382 0.00677049665246159 0.00198262445046566 1.12024918053066e-05 0.0014109097810433 0.00216718351181883 -9999 -9999 8.88376787770539e-05 0.00044418839388527 0.00324471686035395 0 0
-9999 -9999 0.000380041700784779 0.0012575067099533 0.000268100485227478 0.000422493881160335 0.000713889373655547 0.000224999744605157 0.00023093963318388 4.18120624090079e-05 3.0936733528506e-05 5.94391869526589e-05 3.58332858013455e-06 3.77496920191334e-05 8.81900343301822e-05 8.04227184005413e-06 1.94516406463663e-05 5.07080423176376e-05 0.000120506493549328 0.000107439667917788 5.07653167005628e-05 0.000713738648919389 0.000398331508040428 0 0 0 2.77932685817817e-22 5.55865371635635e-23 0 0 0 0 0 0 0 0 0 0 0 6.56513054855168e-05 2.57485255133361e-06 0.000368136330507696 0.000696995398029685 0.000623368131928146 0 0 0 0 0.00412068199865374 0.00177194159477949 0.00424328667577356 0.000838744885986671 0.000271064151530139 9.74115799472642e-05 5.25735458359122e-05 9.54832427669317e-05 0.000280273646287816 0.00384542550854084 0.00234099695342593 0.000370255354209803 0.00132078004942741 8.11563630122691e-05 0
-9999 -9999 -9999 0.00167100759370379 0.000217501185998117 0.00110272620222531 0.000232694155492936 5.7576526178309e-05 9.22020222787978e-05 0.00150447182357311 5.95179194351658e-05 8.35916311189067e-05 0.000153085555502912 1.07626867247745e-06 4.54748020274565e-05 8.01869173301384e-06 7.40441591005947e-06 8.39550194996264e-05 1.67622862500139e-05 7.70018622279167e-05 0 0.000703585587797946 0.000691927168518305 0.00110792017076164 0.000112930694594979 0 2.77932685817817e-22 5.55865371635635e-23 0 0 0 0 0 0 0 0 0 0 0 0 0.00125299633189997 0.00666620862177611 0.00104888753819978 0.000966067293193191 0 0 0 0 0.0236513875535884 0.00763736651890678 0.00806647465801375 0.00554285210675163 0.00211914735965794 0.00152467841980979 0.000199187337420881 0.000405770279467106 0.00092376729589887 0.00278390501160175 0.000862198983086273 0.00147593245783355 0.00390281144937035 0.00108207797748037 0
-9999 -9999 -9999 -9999 0.000156186752692953 0.000175218856384163 0.000274596267263405 0.000194504301271081 0.000128299151128886 0.00023553558421554 0.000237247638870031 0.000285157188045559 0.000154581353854155 0 0 3.14798362524016e-06 1.5681543845858e-05 0.000187029138032813 2.48722673859447e-05 0.000385009311139584 0.00303801312111318 0.000607602624222636 0.000965329952305183 0.00020309173851274 0.000304826837964356 2.75849939498585e-05 0 0 0 0 0 0 0 0 0 0 0 0 0 0 2.13348490350068e-14 1.06674245175034e-13 0 9.62366584644769e-08 4.81183292322385e-07 0 0 0 0.00528616426308872 0.0118799487201846 0.0054734784646214 0.00463825888007756 0.000262900392462672 0.000771220307797194 0.00013306328037288 0.000475225123227574 0.000443940152763389 0.000248829994234256 0.000160041963681579 0 0.00030029600020498 0 0
-9999 -9999 -9999 -9999 -9999 0.000126705166535214 3.0046353635953e-05 2.78627526995479e-05 2.23464679038443e-05 4.742724861444e-05 0.000338818002460357 0.00160610376260593 0.000139833655557595 2.30168894631788e-05 0 0.000124696102284361 0.000114624805846688 1.44358388752153e-05 0 0 0.000607602624222636 0.000442243383731693 0.000330029937795189 0.00023086350356607 0.000569134874967858 0.000201228769583395 0 0 0 0 0 0 0 0 0 0.00183009817264974 0.000366019634529948 0 0 0 0 0 0.000546509788837284 0.000300812743721508 7.42299191642815e-06 0 0 0 0.00105238303542137 0.00247642248403281 0.00179132167249918 0.000626524779945612 2.17312661698088e-05 0 2.66126560745761e-05 4.59497555857524e-05 4.57493675639853e-05 0.00173547683341894 0.00103038272238336 0.00235989759676158 3.0039120465517e-05 0 0
-9999 -9999 -9999 -9999 -9999 -9999 9.25242010395023e-06 2.93405957082354e-14 1.46702978541177e-13 0.00455998217104934 0.00121082998099155 0.00421996134609799 0.00220443094382063 0.00075452794379089 0.000800305028678849 0.0205146964546293 0.0193869151465879 1.90227865459747e-06 0 6.1390190385282e-05 0.00030695095192641 0.000163819505833089 0.00118931590113789 0.000529084680601954 0.000151094103930518 0.000325407553464174 0.000742612924659625 7.89074180647731e-05 0.000326954293996096 0 0 0 0 0 0 0 0 7.5029161919829e-13 3.71173762298699e-13 0 0 5.49706164747477e-05 0.000720389457442225 0.00110085306863766 0.000354678730946034 0.000371631081216037 0 0 0 0.00286319361068308 0.000975913996717281 0.000143258599546243 0 0 0 0 2.54256970947608e-05 0.00133775867561781 0.000852276973710104 0.000141778177930973 8.45292923622765e-05 0.000249403368216008 0.000769418501295149
-9999 -9999 -9999 -9999 -9999 -9999 -9999 0 0 0.000205131311668083 0.000514234841102734 0 0.00147359749535099 0.000820476622902788 0.0010871590275201 0.0218677965225652 0.0165434561669827 0 0 0 0.000267558556515723 0.00161005029513035 0.0065937002771534 0.00315630220575258 0.000497363612735389 0.000783887258148752 0.00106013010372408 0 0.00163477146998048 0 0.000185610313201323 0.000185610313201323 0 0.000402064563240856 0 0 0 0 0 0 0 0.000274853082373738 0.00303666868142032 0.00102920253120828 0 0 0 0 0 0.000370887141408665 0.00165972694230732 0.00106804021343123 0 0 0 0 0.000127128485473804 3.21712568620569e-05 2.48409332925803e-05 0.000122299592476338 0.000336393993347883 0.000841165095334873 0.00448007500381209
-9999 -9999 -9999 -9999 -9999 -9999 -9999 -9999 9.75030910922214e-05 0.00196094607934356 0.00205566438613459 0.00193224269896746 0.000418030824512243 0.000587311349227093 0.00144296701037092 0.00214233144884929 0.000611723028123379 0 0 0.000274659236893058 0.00142680789576843 0.00192915075982455 0.00205264974152669 0.000368827639613301 0.0121273831930439 0.00157206526317168 0.00479860048508272 6.10836013220251e-05 0 0 0.00148644263972528 0.0023127037694212 0.000240953208412975 8.04129126481712e-05 0 0 0 0 0 0 0 0 0.000448259589029476 0.000101622386137024 0.000336234353017062 0 0 2.90019466775426e-12 5.80038933550853e-13 -9999 0.00594201514168697 0.000540777160786092 0.000282590668648481 0.000232782424427569 4.65564848855138e-05 4.30611424235394e-05 1.67825761309359e-05 0.000121328596069361 0.000121222143061459 0 0 0.000824831160716712 0.00744278943748213
-9999 -9999 -9999 -9999 -9999 -9999 -9999 -9999 0.000495972099348104 0.0026887715421617 0.00237727022962645 0.00095409614732489 7.34613533131778e-05 0.000456859103869647 0.00721360403113067 0.00310456953942776 0.000611723028123379 0 7.29144481010735e-05 0.000131833178456873 0 0.000292048326227814 7.41262757219374e-05 0.000370631378609687 0.0118157838695333 0.000758118912635837 0.00241573271341622 0.000220502534648404 7.1437883307226e-05 0.000405960969510488 0.00132296594325453 0.000969031399581581 0.00218030250980519 0.00019820204586722 2.69072427771951e-05 0.000134536204859614 0 0 0 0 0 0 0 0.00224507225677371 0.00173897137865424 0 0 2.90019466775426e-12 5.80038933550853e-13 0 0 0.000282590668648481 0.000282590668648481 0.000232782424427569 4.65564848855138e-05 4.30611424235394e-05 1.62503110914258e-05 0.000121222143061459 0.000121222143061459 0 3.31315887160599e-05 5.19739429000765e-05 0.000418280402664095
-9999 -9999 -9999 -9999 -9999 -9999 -9999 -9999 0.00692957165815374 0.000670437049120665 0.00612869231263176 0.00823066040175036 0.000367306766565889 0.00138470587576297 0.000717647764082043 1.05161977444368e-05 0 0 0.000364572240505368 0.000659165892284364 0 0 0 0 0.000527640171640087 0.00451786567718955 0.00583782390458509 0.00179086546995677 0.00112508981837891 0 0.000242394302040339 0.000242394302040339 0.0155377663031686 0.00310755326063372 0.000134536204859614 0.000672681024298072 0 0 0 0 0 0 0 0 0 0 2.59680833551101e-05 0 0.00208899001590908 0.00232110001767675 0 0 0 0 0 0 0 0 0 0 0 0 0
-9999 -9999 -9999 -9999 -9999 -9999 -9999 -9999 -9999 0.000498559018597007 0.00120158014819026 0.00152534050866961 0.000537502407096326 0.000851235914788254 0.000192085380923464 0.000472483723151527 0.000691772774516721 0.000239084654094768 8.88537973514758e-05 0.000449584315647371 0.000335451928549446 3.7916349247098e-05 0 0 0.0013146155141294 0.00152015803614631 6.3219026196748e-05 0.000236052295658737 0.00190662806387991 0.00329068943174207 5.27858869463671e-05 0.000122863508295268 0.00411629878217354 0.00172720795497298 0.00236288170886715 0.0427213311195374 0.0108488905895501 9.52149736008559e-20 0 0 0 0 0 2.96726299781058e-12 0 0 5.19361667102203e-06 0 0.000417798003181815 0.00046422000353535 0 0 0 0.00257901856675744 0.000515803713351488 0 0 0 0 0 0 0 0.00140178543515503
-9999 -9999 -9999 -9999 -9999 -9999 -9999 -9999 -9999 0 0 0 0.000537502407096326 0.000916751421827939 0.0002217207733338 0.00120333018101519 0.000372240117940237 0.000667351131050964 0.000302959614782594 0.00045948267885251 0.00107230629364494 0.000185287222266197 0 0 0.000523660238832235 0.000523660238832235 0 0 0.00188928175717592 0.00407412887798273 0.000589557418279583 0.000741607393138111 0.00114935010205954 0.000898489519022405 0.000956969038560284 0.00314310339745134 0.00664777968093404 1.51512237789576e-05 0 3.38535979972221e-05 0 0 0 0 0 0 0 0 0 0 0 8.00484919856335e-05 6.96421880275011e-05 0.00257901856675744 0.000515803713351488 0 0 0 6.732191741321e-06 1.31406586660887e-06 0 0 0
-9999 -9999 -9999 -9999 -9999 -9999 -9999 -9999 -9999 -9999 0.000252627243753523 0 0.000359134934842587 0.00171239036426414 0.00115275728603592 0.000755557052616496 0.000591681856894866 0.000667729884298751 0.000132478446903406 4.9491816025693e-05 0 0 0 0 0 0 1.31957167468499e-05 2.63914334936999e-06 9.02122585102916e-05 0.000451061292551458 0.000511872384231538 0.000913969916291535 0.00072250678204 0.000144501356408 0.00119313991162926 0.00407194893369772 0.000320750603043186 0 0 0 0 0 0 0 0 0 0 0 0 5.66628514206968e-06 3.77752342804646e-05 0.000696421880275011 0.000605906578986084 0 0 0 0 0 3.3660958706605e-05 6.57032933304436e-06 0 0 0
-9999 -9999 -9999 -9999 -9999 -9999 -9999 -9999 -9999 -9999 5.26306757819839e-05 0 7.98700065206503e-05 0.000820803047608933 0.0011477133462904 0.00198046352656093 0.000472839290159754 0.000665369292983087 1.92757045442704e-05 5.49294521001199e-14 0.000322360731826245 6.44721463322639e-05 6.11494272015989e-05 0.000305747136007994 0.00101200349628925 0 8.54631689435337e-06 1.07792579365196e-05 0.000184929782990366 0.000966793899260665 0.000605916501945103 0.000102764794219183 0.000649601381155662 4.81788041218377e-05 0.000102298185351522 0.00051149092620303 7.37451421543162e-13 7.26146955065676e-13 0 0 0 0 0 0 0.00429491400718689 0.000858982801437378 0 0 0 1.13325702841394e-06 5.66628514206968e-06 0 0.000539966163378728 0 0 0 0 0 0 0 0 0 0
-9999 -9999 -9999 -9999 -9999 -9999 -9999 -9999 -9999 -9999 0.000260894773793338 0.000122608945821412 5.53094564020284e-05 9.32577304047299e-05 0.000300818894174881 0.00215332630818011 0.000794335241007502 0.000471338734496385 3.81614771322347e-05 4.57770971335123e-05 0.00032236073166132 6.44721466338933e-05 0 0 0 2.75042536668479e-05 4.70577033411246e-06 0 3.32797545706853e-05 2.32576173402776e-05 0.000881239805703444 6.84094020471093e-07 0 1.31242702252829e-13 1.41875352611953e-12 6.48266232361472e-12 7.26146955065676e-13 7.26146955065676e-13 0 0 0 0 0 2.93140869651182e-14 0 0 0 0 0 0 0 0 0 0 0.00402360459789634 0.00402360459790717 0 0 0 0 0 0 0
-9999 -9999 -9999 -9999 -9999 -9999 -9999 -9999 -9999 -9999 -9999 0.000225062791287201 6.09915463428479e-05 8.22754336695652e-05 0.000207454638712079 0.000521091082100611 0.000900548824574798 0.000868123781401664 0.000686358138045762 0.000547736344742589 0.00013281473366078 7.29326992388676e-05 9.50970897974912e-06 0 0.000103237255825661 2.03882707864977e-05 2.35288516705623e-05 0 0.000865423830509826 4.85175960420747e-05 9.08918387722224e-05 0 0 2.1876601385884e-05 0 0 0 0 0 0 0 0 0 0.00422580158352608 0 0 0 0 1.0545560193316e-19 0.000346520938910544 0.0019751680229092 0.000140050382469781 0 0 0.00347564583644271 0.00632381094619632 0 0 0 0 0 0 0
-9999 -9999 -9999 -9999 -9999 -9999 -9999 -9999 -9999 -9999 -9999 0.0182558349592 0.000243696823163191 7.68826066632755e-05 0.000158512233520014 0.00122971391099782 0.000886738684494048 0.00108484113588929 0.000482346488279291 0.000546336149272975 6.95126000209711e-05 0.000189511012358707 0.000347624987261952 0 2.48575033401721e-05 0 0 2.07024953851942e-05 0.000197504261741415 4.24393503635656e-05 0 0 0 4.3753202771768e-06 0 0 0 0 0.00257555628195405 0.00055451550782891 0 0 0.000858690786408261 0.00158166490495205 0 0 0 0 0.00109054229571484 0.000867416112741921 0.000678998143121135 0.000249567068531178 7.50328501453623e-06 0.000230422848835587 0.00142813161219237 0.00125476850371342 0.000888384995050728 0 9.61101078428328e-05 0.000540750668733381 0.0003875918261474 3.06486769113961e-05 0.00145861377823167
-9999 -9999 -9999 -9999 -9999 -9999 -9999 -9999 -9999 -9999 0.00501229986548424 0.0179957145126536 0.000360666112392209 0.000170024868421024 0.00100767857511528 0.000488521079678321 0.00079288340130006 0.00136823001666926 0.000495918402448297 0.000417743871512357 5.87902579354704e-05 0.000215386124600627 0.000812677081066795 1.04749326055753e-05 1.37920771521749e-06 3.27069176273653e-05 0 2.33365283202147e-05 2.33365283202147e-05 0 0 0 0 0 0 0 0 0 0 0 0 0 4.02190274326131e-05 0 0 0 1.5178395115174e-05 7.58919748477638e-05 0.00281217996845953 0.00155678737792186 0.00015990020474419 0.000108374215196818 7.50328501453623e-06 0.000214880422572605 0.00157021431048634 0.000746169796329923 0.000249395822174847 0.00032909029716393 0.000191344112099614 0.000573868515039067 0.000439996732366126 0.000645183844026205 0.00211933961254545
